bugid	buggy	buggy_class	suspiciousness	buggy_line	endbuggycode	original_failing_test_number	action	patch	original_buggy	execution_result	diagnosis	previous_bug_id	new_failing_test_number	this_action
1	[BUG]  [BUGGY]  double[][]  scale  =  vecAbsoluteTolerance.toArray(scale);  [CE]  while  expected  [FE]                AssertionError    [CONTEXT]    for  (boolean  loop  =  true;  loop;)  {  if  (firstTime  ||  !fsal)  {  computeDerivatives(stepStart,  y,  yDotK[0]);  }  if  (firstTime)  {  final  double[]  scale;  if  (vecAbsoluteTolerance  ==  null)  {    [BUGGY]  double[][]  scale  =  vecAbsoluteTolerance.toArray(scale);  [BUGGY]    scale  =  new  double[y0.length];  java.util.Arrays.fill(scale,  scalAbsoluteTolerance);  }  else  {  scale  =  vecAbsoluteTolerance;  }  hNew  =  initializeStep(equations,  forward,  getOrder(),  scale,  stepStart,  y,  yDotK[0],  yTmp,  yDotK[1]);  firstTime  =  false;  }  stepSize  =  hNew;  [CLASS]  EmbeddedRungeKuttaIntegrator  [METHOD]  integrate  [RETURN_TYPE]  double  FirstOrderDifferentialEquations  equations  final  double  t0  final  double[]  y0  final  double  t  final  double[]  y  [VARIABLES]  boolean  firstTime  forward  fsal  lastStep  loop  nextIsLast  CombinedEventsManager  manager  double[]  b  c  scale  vecAbsoluteTolerance  vecRelativeTolerance  y  y0  yTmp  double  dt  error  exp  factor  hNew  maxGrowth  maxStep  minReduction  minStep  nextStep  nextT  safety  scalAbsoluteTolerance  scalRelativeTolerance  scaledH  stopTime  sum  t  t0  double[][]  a  yDotK  AbstractStepInterpolator  interpolator  StepHandler  handler  RungeKuttaStepInterpolator  prototype  rki  int  j  k  l  stages  FirstOrderDifferentialEquations  equations  	projects/Math74/src/main/java/org/apache/commons/math/ode/nonstiff/EmbeddedRungeKuttaIntegrator.java	0.5	247	247	1	replace	double[][]  scale  =  vecAbsoluteTolerance.toArray(scale);	      double[][]    scale    =    vecAbsoluteTolerance.toArray();    	non-compiled	[CE]  while  expected	5	None	replace
2	[BUG]  [BUGGY]  double[][]  scale  =  scalAbsoluteTolerance.toArray();  [CE]  while  expected  [FE]                  AssertionError    [CONTEXT]    for  (boolean  loop  =  true;  loop;)  {  if  (firstTime  ||  !fsal)  {  computeDerivatives(stepStart,  y,  yDotK[0]);  }  if  (firstTime)  {  final  double[]  scale;  if  (vecAbsoluteTolerance  ==  null)  {    [BUGGY]  double[][]  scale  =  scalAbsoluteTolerance.toArray();  [BUGGY]    scale  =  new  double[y0.length];  java.util.Arrays.fill(scale,  scalAbsoluteTolerance);  }  else  {  scale  =  vecAbsoluteTolerance;  }  hNew  =  initializeStep(equations,  forward,  getOrder(),  scale,  stepStart,  y,  yDotK[0],  yTmp,  yDotK[1]);  firstTime  =  false;  }  stepSize  =  hNew;  [CLASS]  EmbeddedRungeKuttaIntegrator  [METHOD]  integrate  [RETURN_TYPE]  double  FirstOrderDifferentialEquations  equations  final  double  t0  final  double[]  y0  final  double  t  final  double[]  y  [VARIABLES]  boolean  firstTime  forward  fsal  lastStep  loop  nextIsLast  CombinedEventsManager  manager  double[]  b  c  scale  vecAbsoluteTolerance  vecRelativeTolerance  y  y0  yTmp  double  dt  error  exp  factor  hNew  maxGrowth  maxStep  minReduction  minStep  nextStep  nextT  safety  scalAbsoluteTolerance  scalRelativeTolerance  scaledH  stopTime  sum  t  t0  double[][]  a  yDotK  AbstractStepInterpolator  interpolator  StepHandler  handler  RungeKuttaStepInterpolator  prototype  rki  int  j  k  l  stages  FirstOrderDifferentialEquations  equations  	projects/Math74/src/main/java/org/apache/commons/math/ode/nonstiff/EmbeddedRungeKuttaIntegrator.java	0.5	247	247	1	replace	double[][]  scale  =  scalAbsoluteTolerance.toArray();	      double[][]    scale    =    vecAbsoluteTolerance.toArray();    	non-compiled	[CE]  while  expected	5	None	replace
3	[BUG]  [BUGGY]  final  double[][]  scale  =  vecAbsoluteTolerance.toArray();  [CE]  while  expected  [FE]                    AssertionError    [CONTEXT]    for  (boolean  loop  =  true;  loop;)  {  if  (firstTime  ||  !fsal)  {  computeDerivatives(stepStart,  y,  yDotK[0]);  }  if  (firstTime)  {  final  double[]  scale;  if  (vecAbsoluteTolerance  ==  null)  {    [BUGGY]  final  double[][]  scale  =  vecAbsoluteTolerance.toArray();  [BUGGY]    scale  =  new  double[y0.length];  java.util.Arrays.fill(scale,  scalAbsoluteTolerance);  }  else  {  scale  =  vecAbsoluteTolerance;  }  hNew  =  initializeStep(equations,  forward,  getOrder(),  scale,  stepStart,  y,  yDotK[0],  yTmp,  yDotK[1]);  firstTime  =  false;  }  stepSize  =  hNew;  [CLASS]  EmbeddedRungeKuttaIntegrator  [METHOD]  integrate  [RETURN_TYPE]  double  FirstOrderDifferentialEquations  equations  final  double  t0  final  double[]  y0  final  double  t  final  double[]  y  [VARIABLES]  boolean  firstTime  forward  fsal  lastStep  loop  nextIsLast  CombinedEventsManager  manager  double[]  b  c  scale  vecAbsoluteTolerance  vecRelativeTolerance  y  y0  yTmp  double  dt  error  exp  factor  hNew  maxGrowth  maxStep  minReduction  minStep  nextStep  nextT  safety  scalAbsoluteTolerance  scalRelativeTolerance  scaledH  stopTime  sum  t  t0  double[][]  a  yDotK  AbstractStepInterpolator  interpolator  StepHandler  handler  RungeKuttaStepInterpolator  prototype  rki  int  j  k  l  stages  FirstOrderDifferentialEquations  equations  	projects/Math74/src/main/java/org/apache/commons/math/ode/nonstiff/EmbeddedRungeKuttaIntegrator.java	0.5	247	247	1	replace	final  double[][]  scale  =  vecAbsoluteTolerance.toArray();	      double[][]    scale    =    vecAbsoluteTolerance.toArray();    	non-compiled	[CE]  while  expected	5	None	replace
4	[BUG]  [BUGGY]  Arrays.fill(y0,  scale);  [CE]  while  expected  [FE]        AssertionError    [CONTEXT]    for  (boolean  loop  =  true;  loop;)  {  if  (firstTime  ||  !fsal)  {  computeDerivatives(stepStart,  y,  yDotK[0]);  }  if  (firstTime)  {  final  double[]  scale;  if  (vecAbsoluteTolerance  ==  null)  {    [BUGGY]  Arrays.fill(y0,  scale);  [BUGGY]    scale  =  new  double[y0.length];  java.util.Arrays.fill(scale,  scalAbsoluteTolerance);  }  else  {  scale  =  vecAbsoluteTolerance;  }  hNew  =  initializeStep(equations,  forward,  getOrder(),  scale,  stepStart,  y,  yDotK[0],  yTmp,  yDotK[1]);  firstTime  =  false;  }  stepSize  =  hNew;  [CLASS]  EmbeddedRungeKuttaIntegrator  [METHOD]  integrate  [RETURN_TYPE]  double  FirstOrderDifferentialEquations  equations  final  double  t0  final  double[]  y0  final  double  t  final  double[]  y  [VARIABLES]  boolean  firstTime  forward  fsal  lastStep  loop  nextIsLast  CombinedEventsManager  manager  double[]  b  c  scale  vecAbsoluteTolerance  vecRelativeTolerance  y  y0  yTmp  double  dt  error  exp  factor  hNew  maxGrowth  maxStep  minReduction  minStep  nextStep  nextT  safety  scalAbsoluteTolerance  scalRelativeTolerance  scaledH  stopTime  sum  t  t0  double[][]  a  yDotK  AbstractStepInterpolator  interpolator  StepHandler  handler  RungeKuttaStepInterpolator  prototype  rki  int  j  k  l  stages  FirstOrderDifferentialEquations  equations  	projects/Math74/src/main/java/org/apache/commons/math/ode/nonstiff/EmbeddedRungeKuttaIntegrator.java	0.5	247	247	1	replace	Arrays.fill(y0,  scale);	      Arrays.fill(scale,    vecAbsoluteTolerance);    	non-compiled	[CE]  while  expected	12	None	replace
5	[BUG]  [BUGGY]  Arrays.fill(y0,  vecAbsoluteTolerance);  [CE]  while  expected  [FE]          AssertionError    [CONTEXT]    for  (boolean  loop  =  true;  loop;)  {  if  (firstTime  ||  !fsal)  {  computeDerivatives(stepStart,  y,  yDotK[0]);  }  if  (firstTime)  {  final  double[]  scale;  if  (vecAbsoluteTolerance  ==  null)  {    [BUGGY]  Arrays.fill(y0,  vecAbsoluteTolerance);  [BUGGY]    scale  =  new  double[y0.length];  java.util.Arrays.fill(scale,  scalAbsoluteTolerance);  }  else  {  scale  =  vecAbsoluteTolerance;  }  hNew  =  initializeStep(equations,  forward,  getOrder(),  scale,  stepStart,  y,  yDotK[0],  yTmp,  yDotK[1]);  firstTime  =  false;  }  stepSize  =  hNew;  [CLASS]  EmbeddedRungeKuttaIntegrator  [METHOD]  integrate  [RETURN_TYPE]  double  FirstOrderDifferentialEquations  equations  final  double  t0  final  double[]  y0  final  double  t  final  double[]  y  [VARIABLES]  boolean  firstTime  forward  fsal  lastStep  loop  nextIsLast  CombinedEventsManager  manager  double[]  b  c  scale  vecAbsoluteTolerance  vecRelativeTolerance  y  y0  yTmp  double  dt  error  exp  factor  hNew  maxGrowth  maxStep  minReduction  minStep  nextStep  nextT  safety  scalAbsoluteTolerance  scalRelativeTolerance  scaledH  stopTime  sum  t  t0  double[][]  a  yDotK  AbstractStepInterpolator  interpolator  StepHandler  handler  RungeKuttaStepInterpolator  prototype  rki  int  j  k  l  stages  FirstOrderDifferentialEquations  equations  	projects/Math74/src/main/java/org/apache/commons/math/ode/nonstiff/EmbeddedRungeKuttaIntegrator.java	0.5	247	247	1	replace	Arrays.fill(y0,  vecAbsoluteTolerance);	      Arrays.fill(scale,    vecAbsoluteTolerance);    	non-compiled	[CE]  while  expected	12	None	replace
6	[BUG]  [BUGGY]  Arrays.fill(scale,  scalRelativeTolerance);  [CE]  while  expected  [FE]            AssertionError    [CONTEXT]    for  (boolean  loop  =  true;  loop;)  {  if  (firstTime  ||  !fsal)  {  computeDerivatives(stepStart,  y,  yDotK[0]);  }  if  (firstTime)  {  final  double[]  scale;  if  (vecAbsoluteTolerance  ==  null)  {    [BUGGY]  Arrays.fill(scale,  scalRelativeTolerance);  [BUGGY]    scale  =  new  double[y0.length];  java.util.Arrays.fill(scale,  scalAbsoluteTolerance);  }  else  {  scale  =  vecAbsoluteTolerance;  }  hNew  =  initializeStep(equations,  forward,  getOrder(),  scale,  stepStart,  y,  yDotK[0],  yTmp,  yDotK[1]);  firstTime  =  false;  }  stepSize  =  hNew;  [CLASS]  EmbeddedRungeKuttaIntegrator  [METHOD]  integrate  [RETURN_TYPE]  double  FirstOrderDifferentialEquations  equations  final  double  t0  final  double[]  y0  final  double  t  final  double[]  y  [VARIABLES]  boolean  firstTime  forward  fsal  lastStep  loop  nextIsLast  CombinedEventsManager  manager  double[]  b  c  scale  vecAbsoluteTolerance  vecRelativeTolerance  y  y0  yTmp  double  dt  error  exp  factor  hNew  maxGrowth  maxStep  minReduction  minStep  nextStep  nextT  safety  scalAbsoluteTolerance  scalRelativeTolerance  scaledH  stopTime  sum  t  t0  double[][]  a  yDotK  AbstractStepInterpolator  interpolator  StepHandler  handler  RungeKuttaStepInterpolator  prototype  rki  int  j  k  l  stages  FirstOrderDifferentialEquations  equations  	projects/Math74/src/main/java/org/apache/commons/math/ode/nonstiff/EmbeddedRungeKuttaIntegrator.java	0.5	247	247	1	replace	Arrays.fill(scale,  scalRelativeTolerance);	      Arrays.fill(scale,    vecAbsoluteTolerance);    	non-compiled	[CE]  while  expected	12	None	replace
7	[BUG]  [BUGGY]  scale  =  new  double[scalaAbsoluteTolerance.length  +  1];  [CE]  while  expected  [FE]          AssertionError    [CONTEXT]    for  (boolean  loop  =  true;  loop;)  {  if  (firstTime  ||  !fsal)  {  computeDerivatives(stepStart,  y,  yDotK[0]);  }  if  (firstTime)  {  final  double[]  scale;  if  (vecAbsoluteTolerance  ==  null)  {    [BUGGY]  scale  =  new  double[scalaAbsoluteTolerance.length  +  1];  [BUGGY]    java.util.Arrays.fill(scale,  scalAbsoluteTolerance);  }  else  {  scale  =  vecAbsoluteTolerance;  }  hNew  =  initializeStep(equations,  forward,  getOrder(),  scale,  stepStart,  y,  yDotK[0],  yTmp,  yDotK[1]);  firstTime  =  false;  }  stepSize  =  hNew;  [CLASS]  EmbeddedRungeKuttaIntegrator  [METHOD]  integrate  [RETURN_TYPE]  double  FirstOrderDifferentialEquations  equations  final  double  t0  final  double[]  y0  final  double  t  final  double[]  y  [VARIABLES]  boolean  firstTime  forward  fsal  lastStep  loop  nextIsLast  CombinedEventsManager  manager  double[]  b  c  scale  vecAbsoluteTolerance  vecRelativeTolerance  y  y0  yTmp  double  dt  error  exp  factor  hNew  maxGrowth  maxStep  minReduction  minStep  nextStep  nextT  safety  scalAbsoluteTolerance  scalRelativeTolerance  scaledH  stopTime  sum  t  t0  double[][]  a  yDotK  AbstractStepInterpolator  interpolator  StepHandler  handler  RungeKuttaStepInterpolator  prototype  rki  int  j  k  l  stages  FirstOrderDifferentialEquations  equations  	projects/Math74/src/main/java/org/apache/commons/math/ode/nonstiff/EmbeddedRungeKuttaIntegrator.java	0.5	247	247	1	replace	scale  =  new  double[scalaAbsoluteTolerance.length  +  1];	  scale    =    new    double[scalaAbsoluteTolerance.length];    	non-compiled	[CE]  while  expected	11	None	replace
8	[BUG]  [BUGGY]  scale  =  new  double[scalaAbsoluteTolerance.length  -  1];  [CE]  while  expected  [FE]            AssertionError    [CONTEXT]    for  (boolean  loop  =  true;  loop;)  {  if  (firstTime  ||  !fsal)  {  computeDerivatives(stepStart,  y,  yDotK[0]);  }  if  (firstTime)  {  final  double[]  scale;  if  (vecAbsoluteTolerance  ==  null)  {    [BUGGY]  scale  =  new  double[scalaAbsoluteTolerance.length  -  1];  [BUGGY]    java.util.Arrays.fill(scale,  scalAbsoluteTolerance);  }  else  {  scale  =  vecAbsoluteTolerance;  }  hNew  =  initializeStep(equations,  forward,  getOrder(),  scale,  stepStart,  y,  yDotK[0],  yTmp,  yDotK[1]);  firstTime  =  false;  }  stepSize  =  hNew;  [CLASS]  EmbeddedRungeKuttaIntegrator  [METHOD]  integrate  [RETURN_TYPE]  double  FirstOrderDifferentialEquations  equations  final  double  t0  final  double[]  y0  final  double  t  final  double[]  y  [VARIABLES]  boolean  firstTime  forward  fsal  lastStep  loop  nextIsLast  CombinedEventsManager  manager  double[]  b  c  scale  vecAbsoluteTolerance  vecRelativeTolerance  y  y0  yTmp  double  dt  error  exp  factor  hNew  maxGrowth  maxStep  minReduction  minStep  nextStep  nextT  safety  scalAbsoluteTolerance  scalRelativeTolerance  scaledH  stopTime  sum  t  t0  double[][]  a  yDotK  AbstractStepInterpolator  interpolator  StepHandler  handler  RungeKuttaStepInterpolator  prototype  rki  int  j  k  l  stages  FirstOrderDifferentialEquations  equations  	projects/Math74/src/main/java/org/apache/commons/math/ode/nonstiff/EmbeddedRungeKuttaIntegrator.java	0.5	247	247	1	replace	scale  =  new  double[scalaAbsoluteTolerance.length  -  1];	  scale    =    new    double[scalaAbsoluteTolerance.length];    	non-compiled	[CE]  while  expected	11	None	replace
9	[BUG]  [BUGGY]  scale  =  new  double[scala.length];  [CE]  while  expected  [FE]        AssertionError    [CONTEXT]    for  (boolean  loop  =  true;  loop;)  {  if  (firstTime  ||  !fsal)  {  computeDerivatives(stepStart,  y,  yDotK[0]);  }  if  (firstTime)  {  final  double[]  scale;  if  (vecAbsoluteTolerance  ==  null)  {    [BUGGY]  scale  =  new  double[scala.length];  [BUGGY]    java.util.Arrays.fill(scale,  scalAbsoluteTolerance);  }  else  {  scale  =  vecAbsoluteTolerance;  }  hNew  =  initializeStep(equations,  forward,  getOrder(),  scale,  stepStart,  y,  yDotK[0],  yTmp,  yDotK[1]);  firstTime  =  false;  }  stepSize  =  hNew;  [CLASS]  EmbeddedRungeKuttaIntegrator  [METHOD]  integrate  [RETURN_TYPE]  double  FirstOrderDifferentialEquations  equations  final  double  t0  final  double[]  y0  final  double  t  final  double[]  y  [VARIABLES]  boolean  firstTime  forward  fsal  lastStep  loop  nextIsLast  CombinedEventsManager  manager  double[]  b  c  scale  vecAbsoluteTolerance  vecRelativeTolerance  y  y0  yTmp  double  dt  error  exp  factor  hNew  maxGrowth  maxStep  minReduction  minStep  nextStep  nextT  safety  scalAbsoluteTolerance  scalRelativeTolerance  scaledH  stopTime  sum  t  t0  double[][]  a  yDotK  AbstractStepInterpolator  interpolator  StepHandler  handler  RungeKuttaStepInterpolator  prototype  rki  int  j  k  l  stages  FirstOrderDifferentialEquations  equations  	projects/Math74/src/main/java/org/apache/commons/math/ode/nonstiff/EmbeddedRungeKuttaIntegrator.java	0.5	247	247	1	replace	scale  =  new  double[scala.length];	  scale    =    new    double[scaleAbsoluteTolerance.length];    	non-compiled	[CE]  while  expected	10	None	replace
10	[BUG]  [BUGGY]  scale  =  new  double[scaleTolerance.length];  [CE]  while  expected  [FE]          AssertionError    [CONTEXT]    for  (boolean  loop  =  true;  loop;)  {  if  (firstTime  ||  !fsal)  {  computeDerivatives(stepStart,  y,  yDotK[0]);  }  if  (firstTime)  {  final  double[]  scale;  if  (vecAbsoluteTolerance  ==  null)  {    [BUGGY]  scale  =  new  double[scaleTolerance.length];  [BUGGY]    java.util.Arrays.fill(scale,  scalAbsoluteTolerance);  }  else  {  scale  =  vecAbsoluteTolerance;  }  hNew  =  initializeStep(equations,  forward,  getOrder(),  scale,  stepStart,  y,  yDotK[0],  yTmp,  yDotK[1]);  firstTime  =  false;  }  stepSize  =  hNew;  [CLASS]  EmbeddedRungeKuttaIntegrator  [METHOD]  integrate  [RETURN_TYPE]  double  FirstOrderDifferentialEquations  equations  final  double  t0  final  double[]  y0  final  double  t  final  double[]  y  [VARIABLES]  boolean  firstTime  forward  fsal  lastStep  loop  nextIsLast  CombinedEventsManager  manager  double[]  b  c  scale  vecAbsoluteTolerance  vecRelativeTolerance  y  y0  yTmp  double  dt  error  exp  factor  hNew  maxGrowth  maxStep  minReduction  minStep  nextStep  nextT  safety  scalAbsoluteTolerance  scalRelativeTolerance  scaledH  stopTime  sum  t  t0  double[][]  a  yDotK  AbstractStepInterpolator  interpolator  StepHandler  handler  RungeKuttaStepInterpolator  prototype  rki  int  j  k  l  stages  FirstOrderDifferentialEquations  equations  	projects/Math74/src/main/java/org/apache/commons/math/ode/nonstiff/EmbeddedRungeKuttaIntegrator.java	0.5	247	247	1	replace	scale  =  new  double[scaleTolerance.length];	  scale    =    new    double[scaleAbsoluteTolerance.length];    	non-compiled	[CE]  while  expected	10	None	replace
11	[BUG]  [BUGGY]  scalAbsoluteTolerance  =  getScale()  +  1;  [CE]  while  expected  [FE]              AssertionError    [CONTEXT]    for  (boolean  loop  =  true;  loop;)  {  if  (firstTime  ||  !fsal)  {  computeDerivatives(stepStart,  y,  yDotK[0]);  }  if  (firstTime)  {  final  double[]  scale;  if  (vecAbsoluteTolerance  ==  null)  {    [BUGGY]  scalAbsoluteTolerance  =  getScale()  +  1;  [BUGGY]    scale  =  new  double[y0.length];  java.util.Arrays.fill(scale,  scalAbsoluteTolerance);  }  else  {  scale  =  vecAbsoluteTolerance;  }  hNew  =  initializeStep(equations,  forward,  getOrder(),  scale,  stepStart,  y,  yDotK[0],  yTmp,  yDotK[1]);  firstTime  =  false;  }  stepSize  =  hNew;  [CLASS]  EmbeddedRungeKuttaIntegrator  [METHOD]  integrate  [RETURN_TYPE]  double  FirstOrderDifferentialEquations  equations  final  double  t0  final  double[]  y0  final  double  t  final  double[]  y  [VARIABLES]  boolean  firstTime  forward  fsal  lastStep  loop  nextIsLast  CombinedEventsManager  manager  double[]  b  c  scale  vecAbsoluteTolerance  vecRelativeTolerance  y  y0  yTmp  double  dt  error  exp  factor  hNew  maxGrowth  maxStep  minReduction  minStep  nextStep  nextT  safety  scalAbsoluteTolerance  scalRelativeTolerance  scaledH  stopTime  sum  t  t0  double[][]  a  yDotK  AbstractStepInterpolator  interpolator  StepHandler  handler  RungeKuttaStepInterpolator  prototype  rki  int  j  k  l  stages  FirstOrderDifferentialEquations  equations  	projects/Math74/src/main/java/org/apache/commons/math/ode/nonstiff/EmbeddedRungeKuttaIntegrator.java	0.5	247	247	1	replace	scalAbsoluteTolerance  =  getScale()  +  1;	      scalAbsoluteTolerance    =    getScale();    	non-compiled	[CE]  while  expected	4	None	replace
12	[BUG]  [BUGGY]  scalAbsoluteTolerance  =  getScale(t0.length);  [CE]  while  expected  [FE]                AssertionError    [CONTEXT]    for  (boolean  loop  =  true;  loop;)  {  if  (firstTime  ||  !fsal)  {  computeDerivatives(stepStart,  y,  yDotK[0]);  }  if  (firstTime)  {  final  double[]  scale;  if  (vecAbsoluteTolerance  ==  null)  {    [BUGGY]  scalAbsoluteTolerance  =  getScale(t0.length);  [BUGGY]    scale  =  new  double[y0.length];  java.util.Arrays.fill(scale,  scalAbsoluteTolerance);  }  else  {  scale  =  vecAbsoluteTolerance;  }  hNew  =  initializeStep(equations,  forward,  getOrder(),  scale,  stepStart,  y,  yDotK[0],  yTmp,  yDotK[1]);  firstTime  =  false;  }  stepSize  =  hNew;  [CLASS]  EmbeddedRungeKuttaIntegrator  [METHOD]  integrate  [RETURN_TYPE]  double  FirstOrderDifferentialEquations  equations  final  double  t0  final  double[]  y0  final  double  t  final  double[]  y  [VARIABLES]  boolean  firstTime  forward  fsal  lastStep  loop  nextIsLast  CombinedEventsManager  manager  double[]  b  c  scale  vecAbsoluteTolerance  vecRelativeTolerance  y  y0  yTmp  double  dt  error  exp  factor  hNew  maxGrowth  maxStep  minReduction  minStep  nextStep  nextT  safety  scalAbsoluteTolerance  scalRelativeTolerance  scaledH  stopTime  sum  t  t0  double[][]  a  yDotK  AbstractStepInterpolator  interpolator  StepHandler  handler  RungeKuttaStepInterpolator  prototype  rki  int  j  k  l  stages  FirstOrderDifferentialEquations  equations  	projects/Math74/src/main/java/org/apache/commons/math/ode/nonstiff/EmbeddedRungeKuttaIntegrator.java	0.5	247	247	1	replace	scalAbsoluteTolerance  =  getScale(t0.length);	      scalAbsoluteTolerance    =    getScale();    	non-compiled	[CE]  while  expected	4	None	replace
13	[BUG]  [BUGGY]  scalAbsoluteTolerance  =  getScale()  *  scale;  [CE]  while  expected  [FE]                  AssertionError    [CONTEXT]    for  (boolean  loop  =  true;  loop;)  {  if  (firstTime  ||  !fsal)  {  computeDerivatives(stepStart,  y,  yDotK[0]);  }  if  (firstTime)  {  final  double[]  scale;  if  (vecAbsoluteTolerance  ==  null)  {    [BUGGY]  scalAbsoluteTolerance  =  getScale()  *  scale;  [BUGGY]    scale  =  new  double[y0.length];  java.util.Arrays.fill(scale,  scalAbsoluteTolerance);  }  else  {  scale  =  vecAbsoluteTolerance;  }  hNew  =  initializeStep(equations,  forward,  getOrder(),  scale,  stepStart,  y,  yDotK[0],  yTmp,  yDotK[1]);  firstTime  =  false;  }  stepSize  =  hNew;  [CLASS]  EmbeddedRungeKuttaIntegrator  [METHOD]  integrate  [RETURN_TYPE]  double  FirstOrderDifferentialEquations  equations  final  double  t0  final  double[]  y0  final  double  t  final  double[]  y  [VARIABLES]  boolean  firstTime  forward  fsal  lastStep  loop  nextIsLast  CombinedEventsManager  manager  double[]  b  c  scale  vecAbsoluteTolerance  vecRelativeTolerance  y  y0  yTmp  double  dt  error  exp  factor  hNew  maxGrowth  maxStep  minReduction  minStep  nextStep  nextT  safety  scalAbsoluteTolerance  scalRelativeTolerance  scaledH  stopTime  sum  t  t0  double[][]  a  yDotK  AbstractStepInterpolator  interpolator  StepHandler  handler  RungeKuttaStepInterpolator  prototype  rki  int  j  k  l  stages  FirstOrderDifferentialEquations  equations  	projects/Math74/src/main/java/org/apache/commons/math/ode/nonstiff/EmbeddedRungeKuttaIntegrator.java	0.5	247	247	1	replace	scalAbsoluteTolerance  =  getScale()  *  scale;	      scalAbsoluteTolerance    =    getScale();    	non-compiled	[CE]  while  expected	4	None	replace
14	[BUG]  [BUGGY]  double[][]  scale  =  vecAbsoluteTolerance.toArray(new  double[y0.length  +  1]);  [CE]  while  expected  [FE]        AssertionError    [CONTEXT]    for  (boolean  loop  =  true;  loop;)  {  if  (firstTime  ||  !fsal)  {  computeDerivatives(stepStart,  y,  yDotK[0]);  }  if  (firstTime)  {  final  double[]  scale;  if  (vecAbsoluteTolerance  ==  null)  {    [BUGGY]  double[][]  scale  =  vecAbsoluteTolerance.toArray(new  double[y0.length  +  1]);  [BUGGY]    scale  =  new  double[y0.length];  java.util.Arrays.fill(scale,  scalAbsoluteTolerance);  }  else  {  scale  =  vecAbsoluteTolerance;  }  hNew  =  initializeStep(equations,  forward,  getOrder(),  scale,  stepStart,  y,  yDotK[0],  yTmp,  yDotK[1]);  firstTime  =  false;  }  stepSize  =  hNew;  [CLASS]  EmbeddedRungeKuttaIntegrator  [METHOD]  integrate  [RETURN_TYPE]  double  FirstOrderDifferentialEquations  equations  final  double  t0  final  double[]  y0  final  double  t  final  double[]  y  [VARIABLES]  boolean  firstTime  forward  fsal  lastStep  loop  nextIsLast  CombinedEventsManager  manager  double[]  b  c  scale  vecAbsoluteTolerance  vecRelativeTolerance  y  y0  yTmp  double  dt  error  exp  factor  hNew  maxGrowth  maxStep  minReduction  minStep  nextStep  nextT  safety  scalAbsoluteTolerance  scalRelativeTolerance  scaledH  stopTime  sum  t  t0  double[][]  a  yDotK  AbstractStepInterpolator  interpolator  StepHandler  handler  RungeKuttaStepInterpolator  prototype  rki  int  j  k  l  stages  FirstOrderDifferentialEquations  equations  	projects/Math74/src/main/java/org/apache/commons/math/ode/nonstiff/EmbeddedRungeKuttaIntegrator.java	0.5	247	247	1	replace	double[][]  scale  =  vecAbsoluteTolerance.toArray(new  double[y0.length  +  1]);	      double[][]    scale    =    vecAbsoluteTolerance.toArray(new    double[y0.length]);    	non-compiled	[CE]  while  expected	1	None	replace
15	[BUG]  [BUGGY]  final  double[][]  scale  =  vecAbsoluteTolerance.toArray(new  double[y0.length]);  [CE]  while  expected  [FE]          AssertionError    [CONTEXT]    for  (boolean  loop  =  true;  loop;)  {  if  (firstTime  ||  !fsal)  {  computeDerivatives(stepStart,  y,  yDotK[0]);  }  if  (firstTime)  {  final  double[]  scale;  if  (vecAbsoluteTolerance  ==  null)  {    [BUGGY]  final  double[][]  scale  =  vecAbsoluteTolerance.toArray(new  double[y0.length]);  [BUGGY]    scale  =  new  double[y0.length];  java.util.Arrays.fill(scale,  scalAbsoluteTolerance);  }  else  {  scale  =  vecAbsoluteTolerance;  }  hNew  =  initializeStep(equations,  forward,  getOrder(),  scale,  stepStart,  y,  yDotK[0],  yTmp,  yDotK[1]);  firstTime  =  false;  }  stepSize  =  hNew;  [CLASS]  EmbeddedRungeKuttaIntegrator  [METHOD]  integrate  [RETURN_TYPE]  double  FirstOrderDifferentialEquations  equations  final  double  t0  final  double[]  y0  final  double  t  final  double[]  y  [VARIABLES]  boolean  firstTime  forward  fsal  lastStep  loop  nextIsLast  CombinedEventsManager  manager  double[]  b  c  scale  vecAbsoluteTolerance  vecRelativeTolerance  y  y0  yTmp  double  dt  error  exp  factor  hNew  maxGrowth  maxStep  minReduction  minStep  nextStep  nextT  safety  scalAbsoluteTolerance  scalRelativeTolerance  scaledH  stopTime  sum  t  t0  double[][]  a  yDotK  AbstractStepInterpolator  interpolator  StepHandler  handler  RungeKuttaStepInterpolator  prototype  rki  int  j  k  l  stages  FirstOrderDifferentialEquations  equations  	projects/Math74/src/main/java/org/apache/commons/math/ode/nonstiff/EmbeddedRungeKuttaIntegrator.java	0.5	247	247	1	replace	final  double[][]  scale  =  vecAbsoluteTolerance.toArray(new  double[y0.length]);	      double[][]    scale    =    vecAbsoluteTolerance.toArray(new    double[y0.length]);    	non-compiled	[CE]  while  expected	1	None	replace
16	[BUG]  [BUGGY]  double[][]  scale  =  vecAbsoluteTolerance.toArray(new  double[y0.length],  scalAbsoluteTolerance);  [CE]  while  expected  [FE]            AssertionError    [CONTEXT]    for  (boolean  loop  =  true;  loop;)  {  if  (firstTime  ||  !fsal)  {  computeDerivatives(stepStart,  y,  yDotK[0]);  }  if  (firstTime)  {  final  double[]  scale;  if  (vecAbsoluteTolerance  ==  null)  {    [BUGGY]  double[][]  scale  =  vecAbsoluteTolerance.toArray(new  double[y0.length],  scalAbsoluteTolerance);  [BUGGY]    scale  =  new  double[y0.length];  java.util.Arrays.fill(scale,  scalAbsoluteTolerance);  }  else  {  scale  =  vecAbsoluteTolerance;  }  hNew  =  initializeStep(equations,  forward,  getOrder(),  scale,  stepStart,  y,  yDotK[0],  yTmp,  yDotK[1]);  firstTime  =  false;  }  stepSize  =  hNew;  [CLASS]  EmbeddedRungeKuttaIntegrator  [METHOD]  integrate  [RETURN_TYPE]  double  FirstOrderDifferentialEquations  equations  final  double  t0  final  double[]  y0  final  double  t  final  double[]  y  [VARIABLES]  boolean  firstTime  forward  fsal  lastStep  loop  nextIsLast  CombinedEventsManager  manager  double[]  b  c  scale  vecAbsoluteTolerance  vecRelativeTolerance  y  y0  yTmp  double  dt  error  exp  factor  hNew  maxGrowth  maxStep  minReduction  minStep  nextStep  nextT  safety  scalAbsoluteTolerance  scalRelativeTolerance  scaledH  stopTime  sum  t  t0  double[][]  a  yDotK  AbstractStepInterpolator  interpolator  StepHandler  handler  RungeKuttaStepInterpolator  prototype  rki  int  j  k  l  stages  FirstOrderDifferentialEquations  equations  	projects/Math74/src/main/java/org/apache/commons/math/ode/nonstiff/EmbeddedRungeKuttaIntegrator.java	0.5	247	247	1	replace	double[][]  scale  =  vecAbsoluteTolerance.toArray(new  double[y0.length],  scalAbsoluteTolerance);	      double[][]    scale    =    vecAbsoluteTolerance.toArray(new    double[y0.length]);    	non-compiled	[CE]  while  expected	1	None	replace
17	[BUG]  [BUGGY]  scalAbsoluteTolerance  =  calculateScaleAbsoluteTolerance(y0,  t0);  [CE]  while  expected  [FE]            AssertionError    [CONTEXT]    for  (boolean  loop  =  true;  loop;)  {  if  (firstTime  ||  !fsal)  {  computeDerivatives(stepStart,  y,  yDotK[0]);  }  if  (firstTime)  {  final  double[]  scale;  if  (vecAbsoluteTolerance  ==  null)  {    [BUGGY]  scalAbsoluteTolerance  =  calculateScaleAbsoluteTolerance(y0,  t0);  [BUGGY]    scale  =  new  double[y0.length];  java.util.Arrays.fill(scale,  scalAbsoluteTolerance);  }  else  {  scale  =  vecAbsoluteTolerance;  }  hNew  =  initializeStep(equations,  forward,  getOrder(),  scale,  stepStart,  y,  yDotK[0],  yTmp,  yDotK[1]);  firstTime  =  false;  }  stepSize  =  hNew;  [CLASS]  EmbeddedRungeKuttaIntegrator  [METHOD]  integrate  [RETURN_TYPE]  double  FirstOrderDifferentialEquations  equations  final  double  t0  final  double[]  y0  final  double  t  final  double[]  y  [VARIABLES]  boolean  firstTime  forward  fsal  lastStep  loop  nextIsLast  CombinedEventsManager  manager  double[]  b  c  scale  vecAbsoluteTolerance  vecRelativeTolerance  y  y0  yTmp  double  dt  error  exp  factor  hNew  maxGrowth  maxStep  minReduction  minStep  nextStep  nextT  safety  scalAbsoluteTolerance  scalRelativeTolerance  scaledH  stopTime  sum  t  t0  double[][]  a  yDotK  AbstractStepInterpolator  interpolator  StepHandler  handler  RungeKuttaStepInterpolator  prototype  rki  int  j  k  l  stages  FirstOrderDifferentialEquations  equations  	projects/Math74/src/main/java/org/apache/commons/math/ode/nonstiff/EmbeddedRungeKuttaIntegrator.java	0.5	247	247	1	replace	scalAbsoluteTolerance  =  calculateScaleAbsoluteTolerance(y0,  t0);	      scalAbsoluteTolerance    =    calculateScaleAbsoluteTolerance(t0,    y0);    	non-compiled	[CE]  while  expected	14	None	replace
18	[BUG]  [BUGGY]  scalAbsoluteTolerance  =  calculateScaleAbsoluteTolerance(t0,  y0,  scale);  [CE]  while  expected  [FE]              AssertionError    [CONTEXT]    for  (boolean  loop  =  true;  loop;)  {  if  (firstTime  ||  !fsal)  {  computeDerivatives(stepStart,  y,  yDotK[0]);  }  if  (firstTime)  {  final  double[]  scale;  if  (vecAbsoluteTolerance  ==  null)  {    [BUGGY]  scalAbsoluteTolerance  =  calculateScaleAbsoluteTolerance(t0,  y0,  scale);  [BUGGY]    scale  =  new  double[y0.length];  java.util.Arrays.fill(scale,  scalAbsoluteTolerance);  }  else  {  scale  =  vecAbsoluteTolerance;  }  hNew  =  initializeStep(equations,  forward,  getOrder(),  scale,  stepStart,  y,  yDotK[0],  yTmp,  yDotK[1]);  firstTime  =  false;  }  stepSize  =  hNew;  [CLASS]  EmbeddedRungeKuttaIntegrator  [METHOD]  integrate  [RETURN_TYPE]  double  FirstOrderDifferentialEquations  equations  final  double  t0  final  double[]  y0  final  double  t  final  double[]  y  [VARIABLES]  boolean  firstTime  forward  fsal  lastStep  loop  nextIsLast  CombinedEventsManager  manager  double[]  b  c  scale  vecAbsoluteTolerance  vecRelativeTolerance  y  y0  yTmp  double  dt  error  exp  factor  hNew  maxGrowth  maxStep  minReduction  minStep  nextStep  nextT  safety  scalAbsoluteTolerance  scalRelativeTolerance  scaledH  stopTime  sum  t  t0  double[][]  a  yDotK  AbstractStepInterpolator  interpolator  StepHandler  handler  RungeKuttaStepInterpolator  prototype  rki  int  j  k  l  stages  FirstOrderDifferentialEquations  equations  	projects/Math74/src/main/java/org/apache/commons/math/ode/nonstiff/EmbeddedRungeKuttaIntegrator.java	0.5	247	247	1	replace	scalAbsoluteTolerance  =  calculateScaleAbsoluteTolerance(t0,  y0,  scale);	      scalAbsoluteTolerance    =    calculateScaleAbsoluteTolerance(t0,    y0);    	non-compiled	[CE]  while  expected	14	None	replace
19	[BUG]  [BUGGY]  scalAbsoluteTolerance  =  calculateScaleAbsoluteTolerance(t0,  y0.length);  [CE]  while  expected  [FE]                AssertionError    [CONTEXT]    for  (boolean  loop  =  true;  loop;)  {  if  (firstTime  ||  !fsal)  {  computeDerivatives(stepStart,  y,  yDotK[0]);  }  if  (firstTime)  {  final  double[]  scale;  if  (vecAbsoluteTolerance  ==  null)  {    [BUGGY]  scalAbsoluteTolerance  =  calculateScaleAbsoluteTolerance(t0,  y0.length);  [BUGGY]    scale  =  new  double[y0.length];  java.util.Arrays.fill(scale,  scalAbsoluteTolerance);  }  else  {  scale  =  vecAbsoluteTolerance;  }  hNew  =  initializeStep(equations,  forward,  getOrder(),  scale,  stepStart,  y,  yDotK[0],  yTmp,  yDotK[1]);  firstTime  =  false;  }  stepSize  =  hNew;  [CLASS]  EmbeddedRungeKuttaIntegrator  [METHOD]  integrate  [RETURN_TYPE]  double  FirstOrderDifferentialEquations  equations  final  double  t0  final  double[]  y0  final  double  t  final  double[]  y  [VARIABLES]  boolean  firstTime  forward  fsal  lastStep  loop  nextIsLast  CombinedEventsManager  manager  double[]  b  c  scale  vecAbsoluteTolerance  vecRelativeTolerance  y  y0  yTmp  double  dt  error  exp  factor  hNew  maxGrowth  maxStep  minReduction  minStep  nextStep  nextT  safety  scalAbsoluteTolerance  scalRelativeTolerance  scaledH  stopTime  sum  t  t0  double[][]  a  yDotK  AbstractStepInterpolator  interpolator  StepHandler  handler  RungeKuttaStepInterpolator  prototype  rki  int  j  k  l  stages  FirstOrderDifferentialEquations  equations  	projects/Math74/src/main/java/org/apache/commons/math/ode/nonstiff/EmbeddedRungeKuttaIntegrator.java	0.5	247	247	1	replace	scalAbsoluteTolerance  =  calculateScaleAbsoluteTolerance(t0,  y0.length);	      scalAbsoluteTolerance    =    calculateScaleAbsoluteTolerance(t0,    y0);    	non-compiled	[CE]  while  expected	14	None	replace
20	[BUG]  [BUGGY]  scalAbsoluteTolerance  =  calculateScaleAbsoluteTolerance(scale,  y0);  [CE]  while  expected  [FE]                  AssertionError    [CONTEXT]    for  (boolean  loop  =  true;  loop;)  {  if  (firstTime  ||  !fsal)  {  computeDerivatives(stepStart,  y,  yDotK[0]);  }  if  (firstTime)  {  final  double[]  scale;  if  (vecAbsoluteTolerance  ==  null)  {    [BUGGY]  scalAbsoluteTolerance  =  calculateScaleAbsoluteTolerance(scale,  y0);  [BUGGY]    scale  =  new  double[y0.length];  java.util.Arrays.fill(scale,  scalAbsoluteTolerance);  }  else  {  scale  =  vecAbsoluteTolerance;  }  hNew  =  initializeStep(equations,  forward,  getOrder(),  scale,  stepStart,  y,  yDotK[0],  yTmp,  yDotK[1]);  firstTime  =  false;  }  stepSize  =  hNew;  [CLASS]  EmbeddedRungeKuttaIntegrator  [METHOD]  integrate  [RETURN_TYPE]  double  FirstOrderDifferentialEquations  equations  final  double  t0  final  double[]  y0  final  double  t  final  double[]  y  [VARIABLES]  boolean  firstTime  forward  fsal  lastStep  loop  nextIsLast  CombinedEventsManager  manager  double[]  b  c  scale  vecAbsoluteTolerance  vecRelativeTolerance  y  y0  yTmp  double  dt  error  exp  factor  hNew  maxGrowth  maxStep  minReduction  minStep  nextStep  nextT  safety  scalAbsoluteTolerance  scalRelativeTolerance  scaledH  stopTime  sum  t  t0  double[][]  a  yDotK  AbstractStepInterpolator  interpolator  StepHandler  handler  RungeKuttaStepInterpolator  prototype  rki  int  j  k  l  stages  FirstOrderDifferentialEquations  equations  	projects/Math74/src/main/java/org/apache/commons/math/ode/nonstiff/EmbeddedRungeKuttaIntegrator.java	0.5	247	247	1	replace	scalAbsoluteTolerance  =  calculateScaleAbsoluteTolerance(scale,  y0);	      scalAbsoluteTolerance    =    calculateScaleAbsoluteTolerance(t0,    y0);    	non-compiled	[CE]  while  expected	14	None	replace
21	[BUG]  [BUGGY]  double  scalAbsoluteTolerance  =  getOrder().doubleValue()  +  1;  [CE]  while  expected  [FE]        AssertionError    [CONTEXT]    for  (boolean  loop  =  true;  loop;)  {  if  (firstTime  ||  !fsal)  {  computeDerivatives(stepStart,  y,  yDotK[0]);  }  if  (firstTime)  {  final  double[]  scale;  if  (vecAbsoluteTolerance  ==  null)  {    [BUGGY]  double  scalAbsoluteTolerance  =  getOrder().doubleValue()  +  1;  [BUGGY]    scale  =  new  double[y0.length];  java.util.Arrays.fill(scale,  scalAbsoluteTolerance);  }  else  {  scale  =  vecAbsoluteTolerance;  }  hNew  =  initializeStep(equations,  forward,  getOrder(),  scale,  stepStart,  y,  yDotK[0],  yTmp,  yDotK[1]);  firstTime  =  false;  }  stepSize  =  hNew;  [CLASS]  EmbeddedRungeKuttaIntegrator  [METHOD]  integrate  [RETURN_TYPE]  double  FirstOrderDifferentialEquations  equations  final  double  t0  final  double[]  y0  final  double  t  final  double[]  y  [VARIABLES]  boolean  firstTime  forward  fsal  lastStep  loop  nextIsLast  CombinedEventsManager  manager  double[]  b  c  scale  vecAbsoluteTolerance  vecRelativeTolerance  y  y0  yTmp  double  dt  error  exp  factor  hNew  maxGrowth  maxStep  minReduction  minStep  nextStep  nextT  safety  scalAbsoluteTolerance  scalRelativeTolerance  scaledH  stopTime  sum  t  t0  double[][]  a  yDotK  AbstractStepInterpolator  interpolator  StepHandler  handler  RungeKuttaStepInterpolator  prototype  rki  int  j  k  l  stages  FirstOrderDifferentialEquations  equations  	projects/Math74/src/main/java/org/apache/commons/math/ode/nonstiff/EmbeddedRungeKuttaIntegrator.java	0.5	247	247	1	replace	double  scalAbsoluteTolerance  =  getOrder().doubleValue()  +  1;	      double    scalAbsoluteTolerance    =    getOrder().doubleValue();    	non-compiled	[CE]  while  expected	17	None	replace
22	[BUG]  [BUGGY]  double  scalAbsoluteTolerance  =  getOrder().doubleValue()  *  scale;  [CE]  while  expected  [FE]          AssertionError    [CONTEXT]    for  (boolean  loop  =  true;  loop;)  {  if  (firstTime  ||  !fsal)  {  computeDerivatives(stepStart,  y,  yDotK[0]);  }  if  (firstTime)  {  final  double[]  scale;  if  (vecAbsoluteTolerance  ==  null)  {    [BUGGY]  double  scalAbsoluteTolerance  =  getOrder().doubleValue()  *  scale;  [BUGGY]    scale  =  new  double[y0.length];  java.util.Arrays.fill(scale,  scalAbsoluteTolerance);  }  else  {  scale  =  vecAbsoluteTolerance;  }  hNew  =  initializeStep(equations,  forward,  getOrder(),  scale,  stepStart,  y,  yDotK[0],  yTmp,  yDotK[1]);  firstTime  =  false;  }  stepSize  =  hNew;  [CLASS]  EmbeddedRungeKuttaIntegrator  [METHOD]  integrate  [RETURN_TYPE]  double  FirstOrderDifferentialEquations  equations  final  double  t0  final  double[]  y0  final  double  t  final  double[]  y  [VARIABLES]  boolean  firstTime  forward  fsal  lastStep  loop  nextIsLast  CombinedEventsManager  manager  double[]  b  c  scale  vecAbsoluteTolerance  vecRelativeTolerance  y  y0  yTmp  double  dt  error  exp  factor  hNew  maxGrowth  maxStep  minReduction  minStep  nextStep  nextT  safety  scalAbsoluteTolerance  scalRelativeTolerance  scaledH  stopTime  sum  t  t0  double[][]  a  yDotK  AbstractStepInterpolator  interpolator  StepHandler  handler  RungeKuttaStepInterpolator  prototype  rki  int  j  k  l  stages  FirstOrderDifferentialEquations  equations  	projects/Math74/src/main/java/org/apache/commons/math/ode/nonstiff/EmbeddedRungeKuttaIntegrator.java	0.5	247	247	1	replace	double  scalAbsoluteTolerance  =  getOrder().doubleValue()  *  scale;	      double    scalAbsoluteTolerance    =    getOrder().doubleValue();    	non-compiled	[CE]  while  expected	17	None	replace
23	[BUG]  [BUGGY]  double  scalAbsoluteTolerance  =  getOrder().doubleValue()  +  2;  [CE]  while  expected  [FE]            AssertionError    [CONTEXT]    for  (boolean  loop  =  true;  loop;)  {  if  (firstTime  ||  !fsal)  {  computeDerivatives(stepStart,  y,  yDotK[0]);  }  if  (firstTime)  {  final  double[]  scale;  if  (vecAbsoluteTolerance  ==  null)  {    [BUGGY]  double  scalAbsoluteTolerance  =  getOrder().doubleValue()  +  2;  [BUGGY]    scale  =  new  double[y0.length];  java.util.Arrays.fill(scale,  scalAbsoluteTolerance);  }  else  {  scale  =  vecAbsoluteTolerance;  }  hNew  =  initializeStep(equations,  forward,  getOrder(),  scale,  stepStart,  y,  yDotK[0],  yTmp,  yDotK[1]);  firstTime  =  false;  }  stepSize  =  hNew;  [CLASS]  EmbeddedRungeKuttaIntegrator  [METHOD]  integrate  [RETURN_TYPE]  double  FirstOrderDifferentialEquations  equations  final  double  t0  final  double[]  y0  final  double  t  final  double[]  y  [VARIABLES]  boolean  firstTime  forward  fsal  lastStep  loop  nextIsLast  CombinedEventsManager  manager  double[]  b  c  scale  vecAbsoluteTolerance  vecRelativeTolerance  y  y0  yTmp  double  dt  error  exp  factor  hNew  maxGrowth  maxStep  minReduction  minStep  nextStep  nextT  safety  scalAbsoluteTolerance  scalRelativeTolerance  scaledH  stopTime  sum  t  t0  double[][]  a  yDotK  AbstractStepInterpolator  interpolator  StepHandler  handler  RungeKuttaStepInterpolator  prototype  rki  int  j  k  l  stages  FirstOrderDifferentialEquations  equations  	projects/Math74/src/main/java/org/apache/commons/math/ode/nonstiff/EmbeddedRungeKuttaIntegrator.java	0.5	247	247	1	replace	double  scalAbsoluteTolerance  =  getOrder().doubleValue()  +  2;	      double    scalAbsoluteTolerance    =    getOrder().doubleValue();    	non-compiled	[CE]  while  expected	17	None	replace
24	[BUG]  [BUGGY]  double[][]  scale  =  scalAbsoluteTolerance.getScale();  [CE]  while  expected  [FE]          AssertionError    [CONTEXT]    for  (boolean  loop  =  true;  loop;)  {  if  (firstTime  ||  !fsal)  {  computeDerivatives(stepStart,  y,  yDotK[0]);  }  if  (firstTime)  {  final  double[]  scale;  if  (vecAbsoluteTolerance  ==  null)  {    [BUGGY]  double[][]  scale  =  scalAbsoluteTolerance.getScale();  [BUGGY]    scale  =  new  double[y0.length];  java.util.Arrays.fill(scale,  scalAbsoluteTolerance);  }  else  {  scale  =  vecAbsoluteTolerance;  }  hNew  =  initializeStep(equations,  forward,  getOrder(),  scale,  stepStart,  y,  yDotK[0],  yTmp,  yDotK[1]);  firstTime  =  false;  }  stepSize  =  hNew;  [CLASS]  EmbeddedRungeKuttaIntegrator  [METHOD]  integrate  [RETURN_TYPE]  double  FirstOrderDifferentialEquations  equations  final  double  t0  final  double[]  y0  final  double  t  final  double[]  y  [VARIABLES]  boolean  firstTime  forward  fsal  lastStep  loop  nextIsLast  CombinedEventsManager  manager  double[]  b  c  scale  vecAbsoluteTolerance  vecRelativeTolerance  y  y0  yTmp  double  dt  error  exp  factor  hNew  maxGrowth  maxStep  minReduction  minStep  nextStep  nextT  safety  scalAbsoluteTolerance  scalRelativeTolerance  scaledH  stopTime  sum  t  t0  double[][]  a  yDotK  AbstractStepInterpolator  interpolator  StepHandler  handler  RungeKuttaStepInterpolator  prototype  rki  int  j  k  l  stages  FirstOrderDifferentialEquations  equations  	projects/Math74/src/main/java/org/apache/commons/math/ode/nonstiff/EmbeddedRungeKuttaIntegrator.java	0.5	247	247	1	replace	double[][]  scale  =  scalAbsoluteTolerance.getScale();	      double[][]    scale    =    vecAbsoluteTolerance.getScale();    	non-compiled	[CE]  while  expected	2	None	replace
25	[BUG]  [BUGGY]  final  double[][]  scale  =  vecAbsoluteTolerance.getScale();  [CE]  while  expected  [FE]            AssertionError    [CONTEXT]    for  (boolean  loop  =  true;  loop;)  {  if  (firstTime  ||  !fsal)  {  computeDerivatives(stepStart,  y,  yDotK[0]);  }  if  (firstTime)  {  final  double[]  scale;  if  (vecAbsoluteTolerance  ==  null)  {    [BUGGY]  final  double[][]  scale  =  vecAbsoluteTolerance.getScale();  [BUGGY]    scale  =  new  double[y0.length];  java.util.Arrays.fill(scale,  scalAbsoluteTolerance);  }  else  {  scale  =  vecAbsoluteTolerance;  }  hNew  =  initializeStep(equations,  forward,  getOrder(),  scale,  stepStart,  y,  yDotK[0],  yTmp,  yDotK[1]);  firstTime  =  false;  }  stepSize  =  hNew;  [CLASS]  EmbeddedRungeKuttaIntegrator  [METHOD]  integrate  [RETURN_TYPE]  double  FirstOrderDifferentialEquations  equations  final  double  t0  final  double[]  y0  final  double  t  final  double[]  y  [VARIABLES]  boolean  firstTime  forward  fsal  lastStep  loop  nextIsLast  CombinedEventsManager  manager  double[]  b  c  scale  vecAbsoluteTolerance  vecRelativeTolerance  y  y0  yTmp  double  dt  error  exp  factor  hNew  maxGrowth  maxStep  minReduction  minStep  nextStep  nextT  safety  scalAbsoluteTolerance  scalRelativeTolerance  scaledH  stopTime  sum  t  t0  double[][]  a  yDotK  AbstractStepInterpolator  interpolator  StepHandler  handler  RungeKuttaStepInterpolator  prototype  rki  int  j  k  l  stages  FirstOrderDifferentialEquations  equations  	projects/Math74/src/main/java/org/apache/commons/math/ode/nonstiff/EmbeddedRungeKuttaIntegrator.java	0.5	247	247	1	replace	final  double[][]  scale  =  vecAbsoluteTolerance.getScale();	      double[][]    scale    =    vecAbsoluteTolerance.getScale();    	non-compiled	[CE]  while  expected	2	None	replace
26	[BUG]  [BUGGY]  double[][]  scale  =  vecAbsoluteTolerance.cloneTree();  [CE]  while  expected  [FE]              AssertionError    [CONTEXT]    for  (boolean  loop  =  true;  loop;)  {  if  (firstTime  ||  !fsal)  {  computeDerivatives(stepStart,  y,  yDotK[0]);  }  if  (firstTime)  {  final  double[]  scale;  if  (vecAbsoluteTolerance  ==  null)  {    [BUGGY]  double[][]  scale  =  vecAbsoluteTolerance.cloneTree();  [BUGGY]    scale  =  new  double[y0.length];  java.util.Arrays.fill(scale,  scalAbsoluteTolerance);  }  else  {  scale  =  vecAbsoluteTolerance;  }  hNew  =  initializeStep(equations,  forward,  getOrder(),  scale,  stepStart,  y,  yDotK[0],  yTmp,  yDotK[1]);  firstTime  =  false;  }  stepSize  =  hNew;  [CLASS]  EmbeddedRungeKuttaIntegrator  [METHOD]  integrate  [RETURN_TYPE]  double  FirstOrderDifferentialEquations  equations  final  double  t0  final  double[]  y0  final  double  t  final  double[]  y  [VARIABLES]  boolean  firstTime  forward  fsal  lastStep  loop  nextIsLast  CombinedEventsManager  manager  double[]  b  c  scale  vecAbsoluteTolerance  vecRelativeTolerance  y  y0  yTmp  double  dt  error  exp  factor  hNew  maxGrowth  maxStep  minReduction  minStep  nextStep  nextT  safety  scalAbsoluteTolerance  scalRelativeTolerance  scaledH  stopTime  sum  t  t0  double[][]  a  yDotK  AbstractStepInterpolator  interpolator  StepHandler  handler  RungeKuttaStepInterpolator  prototype  rki  int  j  k  l  stages  FirstOrderDifferentialEquations  equations  	projects/Math74/src/main/java/org/apache/commons/math/ode/nonstiff/EmbeddedRungeKuttaIntegrator.java	0.5	247	247	1	replace	double[][]  scale  =  vecAbsoluteTolerance.cloneTree();	      double[][]    scale    =    vecAbsoluteTolerance.getScale();    	non-compiled	[CE]  while  expected	2	None	replace
27	[BUG]  [BUGGY]  y0  =  getIsLast();  [CE]  while  expected  [FE]            AssertionError    [CONTEXT]    for  (boolean  loop  =  true;  loop;)  {  if  (firstTime  ||  !fsal)  {  computeDerivatives(stepStart,  y,  yDotK[0]);  }  if  (firstTime)  {  final  double[]  scale;  if  (vecAbsoluteTolerance  ==  null)  {    [BUGGY]  y0  =  getIsLast();  [BUGGY]    scale  =  new  double[y0.length];  java.util.Arrays.fill(scale,  scalAbsoluteTolerance);  }  else  {  scale  =  vecAbsoluteTolerance;  }  hNew  =  initializeStep(equations,  forward,  getOrder(),  scale,  stepStart,  y,  yDotK[0],  yTmp,  yDotK[1]);  firstTime  =  false;  }  stepSize  =  hNew;  [CLASS]  EmbeddedRungeKuttaIntegrator  [METHOD]  integrate  [RETURN_TYPE]  double  FirstOrderDifferentialEquations  equations  final  double  t0  final  double[]  y0  final  double  t  final  double[]  y  [VARIABLES]  boolean  firstTime  forward  fsal  lastStep  loop  nextIsLast  CombinedEventsManager  manager  double[]  b  c  scale  vecAbsoluteTolerance  vecRelativeTolerance  y  y0  yTmp  double  dt  error  exp  factor  hNew  maxGrowth  maxStep  minReduction  minStep  nextStep  nextT  safety  scalAbsoluteTolerance  scalRelativeTolerance  scaledH  stopTime  sum  t  t0  double[][]  a  yDotK  AbstractStepInterpolator  interpolator  StepHandler  handler  RungeKuttaStepInterpolator  prototype  rki  int  j  k  l  stages  FirstOrderDifferentialEquations  equations  	projects/Math74/src/main/java/org/apache/commons/math/ode/nonstiff/EmbeddedRungeKuttaIntegrator.java	0.5	247	247	1	replace	y0  =  getIsLast();	      y0    =    getOrder();    	non-compiled	[CE]  while  expected	19	None	replace
28	[BUG]  [BUGGY]  y0  =  getOrder()  +  1;  [CE]  while  expected  [FE]              AssertionError    [CONTEXT]    for  (boolean  loop  =  true;  loop;)  {  if  (firstTime  ||  !fsal)  {  computeDerivatives(stepStart,  y,  yDotK[0]);  }  if  (firstTime)  {  final  double[]  scale;  if  (vecAbsoluteTolerance  ==  null)  {    [BUGGY]  y0  =  getOrder()  +  1;  [BUGGY]    scale  =  new  double[y0.length];  java.util.Arrays.fill(scale,  scalAbsoluteTolerance);  }  else  {  scale  =  vecAbsoluteTolerance;  }  hNew  =  initializeStep(equations,  forward,  getOrder(),  scale,  stepStart,  y,  yDotK[0],  yTmp,  yDotK[1]);  firstTime  =  false;  }  stepSize  =  hNew;  [CLASS]  EmbeddedRungeKuttaIntegrator  [METHOD]  integrate  [RETURN_TYPE]  double  FirstOrderDifferentialEquations  equations  final  double  t0  final  double[]  y0  final  double  t  final  double[]  y  [VARIABLES]  boolean  firstTime  forward  fsal  lastStep  loop  nextIsLast  CombinedEventsManager  manager  double[]  b  c  scale  vecAbsoluteTolerance  vecRelativeTolerance  y  y0  yTmp  double  dt  error  exp  factor  hNew  maxGrowth  maxStep  minReduction  minStep  nextStep  nextT  safety  scalAbsoluteTolerance  scalRelativeTolerance  scaledH  stopTime  sum  t  t0  double[][]  a  yDotK  AbstractStepInterpolator  interpolator  StepHandler  handler  RungeKuttaStepInterpolator  prototype  rki  int  j  k  l  stages  FirstOrderDifferentialEquations  equations  	projects/Math74/src/main/java/org/apache/commons/math/ode/nonstiff/EmbeddedRungeKuttaIntegrator.java	0.5	247	247	1	replace	y0  =  getOrder()  +  1;	      y0    =    getOrder();    	non-compiled	[CE]  while  expected	19	None	replace
29	[BUG]  [BUGGY]  y0  =  getImmediateScale();  [CE]  while  expected  [FE]                AssertionError    [CONTEXT]    for  (boolean  loop  =  true;  loop;)  {  if  (firstTime  ||  !fsal)  {  computeDerivatives(stepStart,  y,  yDotK[0]);  }  if  (firstTime)  {  final  double[]  scale;  if  (vecAbsoluteTolerance  ==  null)  {    [BUGGY]  y0  =  getImmediateScale();  [BUGGY]    scale  =  new  double[y0.length];  java.util.Arrays.fill(scale,  scalAbsoluteTolerance);  }  else  {  scale  =  vecAbsoluteTolerance;  }  hNew  =  initializeStep(equations,  forward,  getOrder(),  scale,  stepStart,  y,  yDotK[0],  yTmp,  yDotK[1]);  firstTime  =  false;  }  stepSize  =  hNew;  [CLASS]  EmbeddedRungeKuttaIntegrator  [METHOD]  integrate  [RETURN_TYPE]  double  FirstOrderDifferentialEquations  equations  final  double  t0  final  double[]  y0  final  double  t  final  double[]  y  [VARIABLES]  boolean  firstTime  forward  fsal  lastStep  loop  nextIsLast  CombinedEventsManager  manager  double[]  b  c  scale  vecAbsoluteTolerance  vecRelativeTolerance  y  y0  yTmp  double  dt  error  exp  factor  hNew  maxGrowth  maxStep  minReduction  minStep  nextStep  nextT  safety  scalAbsoluteTolerance  scalRelativeTolerance  scaledH  stopTime  sum  t  t0  double[][]  a  yDotK  AbstractStepInterpolator  interpolator  StepHandler  handler  RungeKuttaStepInterpolator  prototype  rki  int  j  k  l  stages  FirstOrderDifferentialEquations  equations  	projects/Math74/src/main/java/org/apache/commons/math/ode/nonstiff/EmbeddedRungeKuttaIntegrator.java	0.5	247	247	1	replace	y0  =  getImmediateScale();	      y0    =    getOrder();    	non-compiled	[CE]  while  expected	19	None	replace
30	[BUG]  [BUGGY]  scalAbsoluteTolerance  =  calculateScaleAbsoluteTolerance(scale);  [CE]  while  expected  [FE]                AssertionError    [CONTEXT]    for  (boolean  loop  =  true;  loop;)  {  if  (firstTime  ||  !fsal)  {  computeDerivatives(stepStart,  y,  yDotK[0]);  }  if  (firstTime)  {  final  double[]  scale;  if  (vecAbsoluteTolerance  ==  null)  {    [BUGGY]  scalAbsoluteTolerance  =  calculateScaleAbsoluteTolerance(scale);  [BUGGY]    scale  =  new  double[y0.length];  java.util.Arrays.fill(scale,  scalAbsoluteTolerance);  }  else  {  scale  =  vecAbsoluteTolerance;  }  hNew  =  initializeStep(equations,  forward,  getOrder(),  scale,  stepStart,  y,  yDotK[0],  yTmp,  yDotK[1]);  firstTime  =  false;  }  stepSize  =  hNew;  [CLASS]  EmbeddedRungeKuttaIntegrator  [METHOD]  integrate  [RETURN_TYPE]  double  FirstOrderDifferentialEquations  equations  final  double  t0  final  double[]  y0  final  double  t  final  double[]  y  [VARIABLES]  boolean  firstTime  forward  fsal  lastStep  loop  nextIsLast  CombinedEventsManager  manager  double[]  b  c  scale  vecAbsoluteTolerance  vecRelativeTolerance  y  y0  yTmp  double  dt  error  exp  factor  hNew  maxGrowth  maxStep  minReduction  minStep  nextStep  nextT  safety  scalAbsoluteTolerance  scalRelativeTolerance  scaledH  stopTime  sum  t  t0  double[][]  a  yDotK  AbstractStepInterpolator  interpolator  StepHandler  handler  RungeKuttaStepInterpolator  prototype  rki  int  j  k  l  stages  FirstOrderDifferentialEquations  equations  	projects/Math74/src/main/java/org/apache/commons/math/ode/nonstiff/EmbeddedRungeKuttaIntegrator.java	0.5	247	247	1	replace	scalAbsoluteTolerance  =  calculateScaleAbsoluteTolerance(scale);	      scalAbsoluteTolerance    =    calculateScaleAbsoluteTolerance(t0);    	non-compiled	[CE]  while  expected	16	None	replace
31	[BUG]  [BUGGY]  scalAbsoluteTolerance  =  calculateScaleAbsoluteTolerance(y0);  [CE]  while  expected  [FE]                  AssertionError    [CONTEXT]    for  (boolean  loop  =  true;  loop;)  {  if  (firstTime  ||  !fsal)  {  computeDerivatives(stepStart,  y,  yDotK[0]);  }  if  (firstTime)  {  final  double[]  scale;  if  (vecAbsoluteTolerance  ==  null)  {    [BUGGY]  scalAbsoluteTolerance  =  calculateScaleAbsoluteTolerance(y0);  [BUGGY]    scale  =  new  double[y0.length];  java.util.Arrays.fill(scale,  scalAbsoluteTolerance);  }  else  {  scale  =  vecAbsoluteTolerance;  }  hNew  =  initializeStep(equations,  forward,  getOrder(),  scale,  stepStart,  y,  yDotK[0],  yTmp,  yDotK[1]);  firstTime  =  false;  }  stepSize  =  hNew;  [CLASS]  EmbeddedRungeKuttaIntegrator  [METHOD]  integrate  [RETURN_TYPE]  double  FirstOrderDifferentialEquations  equations  final  double  t0  final  double[]  y0  final  double  t  final  double[]  y  [VARIABLES]  boolean  firstTime  forward  fsal  lastStep  loop  nextIsLast  CombinedEventsManager  manager  double[]  b  c  scale  vecAbsoluteTolerance  vecRelativeTolerance  y  y0  yTmp  double  dt  error  exp  factor  hNew  maxGrowth  maxStep  minReduction  minStep  nextStep  nextT  safety  scalAbsoluteTolerance  scalRelativeTolerance  scaledH  stopTime  sum  t  t0  double[][]  a  yDotK  AbstractStepInterpolator  interpolator  StepHandler  handler  RungeKuttaStepInterpolator  prototype  rki  int  j  k  l  stages  FirstOrderDifferentialEquations  equations  	projects/Math74/src/main/java/org/apache/commons/math/ode/nonstiff/EmbeddedRungeKuttaIntegrator.java	0.5	247	247	1	replace	scalAbsoluteTolerance  =  calculateScaleAbsoluteTolerance(y0);	      scalAbsoluteTolerance    =    calculateScaleAbsoluteTolerance(t0);    	non-compiled	[CE]  while  expected	16	None	replace
32	[BUG]  [BUGGY]  scalAbsoluteTolerance  =  calculateScaleAbsoluteTolerance(y0.length);  [CE]  while  expected  [FE]                    AssertionError    [CONTEXT]    for  (boolean  loop  =  true;  loop;)  {  if  (firstTime  ||  !fsal)  {  computeDerivatives(stepStart,  y,  yDotK[0]);  }  if  (firstTime)  {  final  double[]  scale;  if  (vecAbsoluteTolerance  ==  null)  {    [BUGGY]  scalAbsoluteTolerance  =  calculateScaleAbsoluteTolerance(y0.length);  [BUGGY]    scale  =  new  double[y0.length];  java.util.Arrays.fill(scale,  scalAbsoluteTolerance);  }  else  {  scale  =  vecAbsoluteTolerance;  }  hNew  =  initializeStep(equations,  forward,  getOrder(),  scale,  stepStart,  y,  yDotK[0],  yTmp,  yDotK[1]);  firstTime  =  false;  }  stepSize  =  hNew;  [CLASS]  EmbeddedRungeKuttaIntegrator  [METHOD]  integrate  [RETURN_TYPE]  double  FirstOrderDifferentialEquations  equations  final  double  t0  final  double[]  y0  final  double  t  final  double[]  y  [VARIABLES]  boolean  firstTime  forward  fsal  lastStep  loop  nextIsLast  CombinedEventsManager  manager  double[]  b  c  scale  vecAbsoluteTolerance  vecRelativeTolerance  y  y0  yTmp  double  dt  error  exp  factor  hNew  maxGrowth  maxStep  minReduction  minStep  nextStep  nextT  safety  scalAbsoluteTolerance  scalRelativeTolerance  scaledH  stopTime  sum  t  t0  double[][]  a  yDotK  AbstractStepInterpolator  interpolator  StepHandler  handler  RungeKuttaStepInterpolator  prototype  rki  int  j  k  l  stages  FirstOrderDifferentialEquations  equations  	projects/Math74/src/main/java/org/apache/commons/math/ode/nonstiff/EmbeddedRungeKuttaIntegrator.java	0.5	247	247	1	replace	scalAbsoluteTolerance  =  calculateScaleAbsoluteTolerance(y0.length);	      scalAbsoluteTolerance    =    calculateScaleAbsoluteTolerance(t0);    	non-compiled	[CE]  while  expected	16	None	replace
33	[BUG]  [BUGGY]  Arrays.fill(scale,  y0.length);  [CE]  while  expected  [FE]          AssertionError    [CONTEXT]    for  (boolean  loop  =  true;  loop;)  {  if  (firstTime  ||  !fsal)  {  computeDerivatives(stepStart,  y,  yDotK[0]);  }  if  (firstTime)  {  final  double[]  scale;  if  (vecAbsoluteTolerance  ==  null)  {    [BUGGY]  Arrays.fill(scale,  y0.length);  [BUGGY]    scale  =  new  double[y0.length];  java.util.Arrays.fill(scale,  scalAbsoluteTolerance);  }  else  {  scale  =  vecAbsoluteTolerance;  }  hNew  =  initializeStep(equations,  forward,  getOrder(),  scale,  stepStart,  y,  yDotK[0],  yTmp,  yDotK[1]);  firstTime  =  false;  }  stepSize  =  hNew;  [CLASS]  EmbeddedRungeKuttaIntegrator  [METHOD]  integrate  [RETURN_TYPE]  double  FirstOrderDifferentialEquations  equations  final  double  t0  final  double[]  y0  final  double  t  final  double[]  y  [VARIABLES]  boolean  firstTime  forward  fsal  lastStep  loop  nextIsLast  CombinedEventsManager  manager  double[]  b  c  scale  vecAbsoluteTolerance  vecRelativeTolerance  y  y0  yTmp  double  dt  error  exp  factor  hNew  maxGrowth  maxStep  minReduction  minStep  nextStep  nextT  safety  scalAbsoluteTolerance  scalRelativeTolerance  scaledH  stopTime  sum  t  t0  double[][]  a  yDotK  AbstractStepInterpolator  interpolator  StepHandler  handler  RungeKuttaStepInterpolator  prototype  rki  int  j  k  l  stages  FirstOrderDifferentialEquations  equations  	projects/Math74/src/main/java/org/apache/commons/math/ode/nonstiff/EmbeddedRungeKuttaIntegrator.java	0.5	247	247	1	replace	Arrays.fill(scale,  y0.length);	      Arrays.fill(scale,    scalAbsoluteTolerance);    	non-compiled	[CE]  while  expected	13	None	replace
34	[BUG]  [BUGGY]  Arrays.fill(scale,  y0);  [CE]  while  expected  [FE]            AssertionError    [CONTEXT]    for  (boolean  loop  =  true;  loop;)  {  if  (firstTime  ||  !fsal)  {  computeDerivatives(stepStart,  y,  yDotK[0]);  }  if  (firstTime)  {  final  double[]  scale;  if  (vecAbsoluteTolerance  ==  null)  {    [BUGGY]  Arrays.fill(scale,  y0);  [BUGGY]    scale  =  new  double[y0.length];  java.util.Arrays.fill(scale,  scalAbsoluteTolerance);  }  else  {  scale  =  vecAbsoluteTolerance;  }  hNew  =  initializeStep(equations,  forward,  getOrder(),  scale,  stepStart,  y,  yDotK[0],  yTmp,  yDotK[1]);  firstTime  =  false;  }  stepSize  =  hNew;  [CLASS]  EmbeddedRungeKuttaIntegrator  [METHOD]  integrate  [RETURN_TYPE]  double  FirstOrderDifferentialEquations  equations  final  double  t0  final  double[]  y0  final  double  t  final  double[]  y  [VARIABLES]  boolean  firstTime  forward  fsal  lastStep  loop  nextIsLast  CombinedEventsManager  manager  double[]  b  c  scale  vecAbsoluteTolerance  vecRelativeTolerance  y  y0  yTmp  double  dt  error  exp  factor  hNew  maxGrowth  maxStep  minReduction  minStep  nextStep  nextT  safety  scalAbsoluteTolerance  scalRelativeTolerance  scaledH  stopTime  sum  t  t0  double[][]  a  yDotK  AbstractStepInterpolator  interpolator  StepHandler  handler  RungeKuttaStepInterpolator  prototype  rki  int  j  k  l  stages  FirstOrderDifferentialEquations  equations  	projects/Math74/src/main/java/org/apache/commons/math/ode/nonstiff/EmbeddedRungeKuttaIntegrator.java	0.5	247	247	1	replace	Arrays.fill(scale,  y0);	      Arrays.fill(scale,    scalAbsoluteTolerance);    	non-compiled	[CE]  while  expected	13	None	replace
35	[BUG]  [BUGGY]  scale  =  new  double[scale.length  -  1];  [CE]  while  expected  [FE]        AssertionError    [CONTEXT]    for  (boolean  loop  =  true;  loop;)  {  if  (firstTime  ||  !fsal)  {  computeDerivatives(stepStart,  y,  yDotK[0]);  }  if  (firstTime)  {  final  double[]  scale;  if  (vecAbsoluteTolerance  ==  null)  {    [BUGGY]  scale  =  new  double[scale.length  -  1];  [BUGGY]    java.util.Arrays.fill(scale,  scalAbsoluteTolerance);  }  else  {  scale  =  vecAbsoluteTolerance;  }  hNew  =  initializeStep(equations,  forward,  getOrder(),  scale,  stepStart,  y,  yDotK[0],  yTmp,  yDotK[1]);  firstTime  =  false;  }  stepSize  =  hNew;  [CLASS]  EmbeddedRungeKuttaIntegrator  [METHOD]  integrate  [RETURN_TYPE]  double  FirstOrderDifferentialEquations  equations  final  double  t0  final  double[]  y0  final  double  t  final  double[]  y  [VARIABLES]  boolean  firstTime  forward  fsal  lastStep  loop  nextIsLast  CombinedEventsManager  manager  double[]  b  c  scale  vecAbsoluteTolerance  vecRelativeTolerance  y  y0  yTmp  double  dt  error  exp  factor  hNew  maxGrowth  maxStep  minReduction  minStep  nextStep  nextT  safety  scalAbsoluteTolerance  scalRelativeTolerance  scaledH  stopTime  sum  t  t0  double[][]  a  yDotK  AbstractStepInterpolator  interpolator  StepHandler  handler  RungeKuttaStepInterpolator  prototype  rki  int  j  k  l  stages  FirstOrderDifferentialEquations  equations  	projects/Math74/src/main/java/org/apache/commons/math/ode/nonstiff/EmbeddedRungeKuttaIntegrator.java	0.5	247	247	1	replace	scale  =  new  double[scale.length  -  1];	  scale    =    new    double[scale.length];    	non-compiled	[CE]  while  expected	6	None	replace
36	[BUG]  [BUGGY]  scale  =  new  double[scale.length  +  1];  [CE]  while  expected  [FE]          AssertionError    [CONTEXT]    for  (boolean  loop  =  true;  loop;)  {  if  (firstTime  ||  !fsal)  {  computeDerivatives(stepStart,  y,  yDotK[0]);  }  if  (firstTime)  {  final  double[]  scale;  if  (vecAbsoluteTolerance  ==  null)  {    [BUGGY]  scale  =  new  double[scale.length  +  1];  [BUGGY]    java.util.Arrays.fill(scale,  scalAbsoluteTolerance);  }  else  {  scale  =  vecAbsoluteTolerance;  }  hNew  =  initializeStep(equations,  forward,  getOrder(),  scale,  stepStart,  y,  yDotK[0],  yTmp,  yDotK[1]);  firstTime  =  false;  }  stepSize  =  hNew;  [CLASS]  EmbeddedRungeKuttaIntegrator  [METHOD]  integrate  [RETURN_TYPE]  double  FirstOrderDifferentialEquations  equations  final  double  t0  final  double[]  y0  final  double  t  final  double[]  y  [VARIABLES]  boolean  firstTime  forward  fsal  lastStep  loop  nextIsLast  CombinedEventsManager  manager  double[]  b  c  scale  vecAbsoluteTolerance  vecRelativeTolerance  y  y0  yTmp  double  dt  error  exp  factor  hNew  maxGrowth  maxStep  minReduction  minStep  nextStep  nextT  safety  scalAbsoluteTolerance  scalRelativeTolerance  scaledH  stopTime  sum  t  t0  double[][]  a  yDotK  AbstractStepInterpolator  interpolator  StepHandler  handler  RungeKuttaStepInterpolator  prototype  rki  int  j  k  l  stages  FirstOrderDifferentialEquations  equations  	projects/Math74/src/main/java/org/apache/commons/math/ode/nonstiff/EmbeddedRungeKuttaIntegrator.java	0.5	247	247	1	replace	scale  =  new  double[scale.length  +  1];	  scale    =    new    double[scale.length];    	non-compiled	[CE]  while  expected	6	None	replace
37	[BUG]  [BUGGY]  scalAbsoluteTolerance  =  Math.min(scalaAbsoluteTolerance,  scale);  [CE]  while  expected  [FE]              AssertionError    [CONTEXT]    for  (boolean  loop  =  true;  loop;)  {  if  (firstTime  ||  !fsal)  {  computeDerivatives(stepStart,  y,  yDotK[0]);  }  if  (firstTime)  {  final  double[]  scale;  if  (vecAbsoluteTolerance  ==  null)  {    [BUGGY]  scalAbsoluteTolerance  =  Math.min(scalaAbsoluteTolerance,  scale);  [BUGGY]    scale  =  new  double[y0.length];  java.util.Arrays.fill(scale,  scalAbsoluteTolerance);  }  else  {  scale  =  vecAbsoluteTolerance;  }  hNew  =  initializeStep(equations,  forward,  getOrder(),  scale,  stepStart,  y,  yDotK[0],  yTmp,  yDotK[1]);  firstTime  =  false;  }  stepSize  =  hNew;  [CLASS]  EmbeddedRungeKuttaIntegrator  [METHOD]  integrate  [RETURN_TYPE]  double  FirstOrderDifferentialEquations  equations  final  double  t0  final  double[]  y0  final  double  t  final  double[]  y  [VARIABLES]  boolean  firstTime  forward  fsal  lastStep  loop  nextIsLast  CombinedEventsManager  manager  double[]  b  c  scale  vecAbsoluteTolerance  vecRelativeTolerance  y  y0  yTmp  double  dt  error  exp  factor  hNew  maxGrowth  maxStep  minReduction  minStep  nextStep  nextT  safety  scalAbsoluteTolerance  scalRelativeTolerance  scaledH  stopTime  sum  t  t0  double[][]  a  yDotK  AbstractStepInterpolator  interpolator  StepHandler  handler  RungeKuttaStepInterpolator  prototype  rki  int  j  k  l  stages  FirstOrderDifferentialEquations  equations  	projects/Math74/src/main/java/org/apache/commons/math/ode/nonstiff/EmbeddedRungeKuttaIntegrator.java	0.5	247	247	1	replace	scalAbsoluteTolerance  =  Math.min(scalaAbsoluteTolerance,  scale);	      scalAbsoluteTolerance    =    Math.max(scalaAbsoluteTolerance,    firstTime);    	non-compiled	[CE]  while  expected	15	None	replace
38	[BUG]  [BUGGY]  scalAbsoluteTolerance  =  Math.min(scalaAbsoluteTolerance,  firstTime);  [CE]  while  expected  [FE]                AssertionError    [CONTEXT]    for  (boolean  loop  =  true;  loop;)  {  if  (firstTime  ||  !fsal)  {  computeDerivatives(stepStart,  y,  yDotK[0]);  }  if  (firstTime)  {  final  double[]  scale;  if  (vecAbsoluteTolerance  ==  null)  {    [BUGGY]  scalAbsoluteTolerance  =  Math.min(scalaAbsoluteTolerance,  firstTime);  [BUGGY]    scale  =  new  double[y0.length];  java.util.Arrays.fill(scale,  scalAbsoluteTolerance);  }  else  {  scale  =  vecAbsoluteTolerance;  }  hNew  =  initializeStep(equations,  forward,  getOrder(),  scale,  stepStart,  y,  yDotK[0],  yTmp,  yDotK[1]);  firstTime  =  false;  }  stepSize  =  hNew;  [CLASS]  EmbeddedRungeKuttaIntegrator  [METHOD]  integrate  [RETURN_TYPE]  double  FirstOrderDifferentialEquations  equations  final  double  t0  final  double[]  y0  final  double  t  final  double[]  y  [VARIABLES]  boolean  firstTime  forward  fsal  lastStep  loop  nextIsLast  CombinedEventsManager  manager  double[]  b  c  scale  vecAbsoluteTolerance  vecRelativeTolerance  y  y0  yTmp  double  dt  error  exp  factor  hNew  maxGrowth  maxStep  minReduction  minStep  nextStep  nextT  safety  scalAbsoluteTolerance  scalRelativeTolerance  scaledH  stopTime  sum  t  t0  double[][]  a  yDotK  AbstractStepInterpolator  interpolator  StepHandler  handler  RungeKuttaStepInterpolator  prototype  rki  int  j  k  l  stages  FirstOrderDifferentialEquations  equations  	projects/Math74/src/main/java/org/apache/commons/math/ode/nonstiff/EmbeddedRungeKuttaIntegrator.java	0.5	247	247	1	replace	scalAbsoluteTolerance  =  Math.min(scalaAbsoluteTolerance,  firstTime);	      scalAbsoluteTolerance    =    Math.max(scalaAbsoluteTolerance,    firstTime);    	non-compiled	[CE]  while  expected	15	None	replace
39	[BUG]  [BUGGY]  scalAbsoluteTolerance  =  Math.max(scalaAbsoluteTolerance,  scale);  [CE]  while  expected  [FE]                  AssertionError    [CONTEXT]    for  (boolean  loop  =  true;  loop;)  {  if  (firstTime  ||  !fsal)  {  computeDerivatives(stepStart,  y,  yDotK[0]);  }  if  (firstTime)  {  final  double[]  scale;  if  (vecAbsoluteTolerance  ==  null)  {    [BUGGY]  scalAbsoluteTolerance  =  Math.max(scalaAbsoluteTolerance,  scale);  [BUGGY]    scale  =  new  double[y0.length];  java.util.Arrays.fill(scale,  scalAbsoluteTolerance);  }  else  {  scale  =  vecAbsoluteTolerance;  }  hNew  =  initializeStep(equations,  forward,  getOrder(),  scale,  stepStart,  y,  yDotK[0],  yTmp,  yDotK[1]);  firstTime  =  false;  }  stepSize  =  hNew;  [CLASS]  EmbeddedRungeKuttaIntegrator  [METHOD]  integrate  [RETURN_TYPE]  double  FirstOrderDifferentialEquations  equations  final  double  t0  final  double[]  y0  final  double  t  final  double[]  y  [VARIABLES]  boolean  firstTime  forward  fsal  lastStep  loop  nextIsLast  CombinedEventsManager  manager  double[]  b  c  scale  vecAbsoluteTolerance  vecRelativeTolerance  y  y0  yTmp  double  dt  error  exp  factor  hNew  maxGrowth  maxStep  minReduction  minStep  nextStep  nextT  safety  scalAbsoluteTolerance  scalRelativeTolerance  scaledH  stopTime  sum  t  t0  double[][]  a  yDotK  AbstractStepInterpolator  interpolator  StepHandler  handler  RungeKuttaStepInterpolator  prototype  rki  int  j  k  l  stages  FirstOrderDifferentialEquations  equations  	projects/Math74/src/main/java/org/apache/commons/math/ode/nonstiff/EmbeddedRungeKuttaIntegrator.java	0.5	247	247	1	replace	scalAbsoluteTolerance  =  Math.max(scalaAbsoluteTolerance,  scale);	      scalAbsoluteTolerance    =    Math.max(scalaAbsoluteTolerance,    firstTime);    	non-compiled	[CE]  while  expected	15	None	replace
40	[BUG]  [BUGGY]  scalAbsoluteTolerance  =  Math.max(scale,  firstTime);  [CE]  while  expected  [FE]                    AssertionError    [CONTEXT]    for  (boolean  loop  =  true;  loop;)  {  if  (firstTime  ||  !fsal)  {  computeDerivatives(stepStart,  y,  yDotK[0]);  }  if  (firstTime)  {  final  double[]  scale;  if  (vecAbsoluteTolerance  ==  null)  {    [BUGGY]  scalAbsoluteTolerance  =  Math.max(scale,  firstTime);  [BUGGY]    scale  =  new  double[y0.length];  java.util.Arrays.fill(scale,  scalAbsoluteTolerance);  }  else  {  scale  =  vecAbsoluteTolerance;  }  hNew  =  initializeStep(equations,  forward,  getOrder(),  scale,  stepStart,  y,  yDotK[0],  yTmp,  yDotK[1]);  firstTime  =  false;  }  stepSize  =  hNew;  [CLASS]  EmbeddedRungeKuttaIntegrator  [METHOD]  integrate  [RETURN_TYPE]  double  FirstOrderDifferentialEquations  equations  final  double  t0  final  double[]  y0  final  double  t  final  double[]  y  [VARIABLES]  boolean  firstTime  forward  fsal  lastStep  loop  nextIsLast  CombinedEventsManager  manager  double[]  b  c  scale  vecAbsoluteTolerance  vecRelativeTolerance  y  y0  yTmp  double  dt  error  exp  factor  hNew  maxGrowth  maxStep  minReduction  minStep  nextStep  nextT  safety  scalAbsoluteTolerance  scalRelativeTolerance  scaledH  stopTime  sum  t  t0  double[][]  a  yDotK  AbstractStepInterpolator  interpolator  StepHandler  handler  RungeKuttaStepInterpolator  prototype  rki  int  j  k  l  stages  FirstOrderDifferentialEquations  equations  	projects/Math74/src/main/java/org/apache/commons/math/ode/nonstiff/EmbeddedRungeKuttaIntegrator.java	0.5	247	247	1	replace	scalAbsoluteTolerance  =  Math.max(scale,  firstTime);	      scalAbsoluteTolerance    =    Math.max(scalaAbsoluteTolerance,    firstTime);    	non-compiled	[CE]  while  expected	15	None	replace
41	[BUG]  [BUGGY]  double  scalAbsoluteTolerance  =  getScale();  [CE]  while  expected  [FE]          AssertionError    [CONTEXT]    for  (boolean  loop  =  true;  loop;)  {  if  (firstTime  ||  !fsal)  {  computeDerivatives(stepStart,  y,  yDotK[0]);  }  if  (firstTime)  {  final  double[]  scale;  if  (vecAbsoluteTolerance  ==  null)  {    [BUGGY]  double  scalAbsoluteTolerance  =  getScale();  [BUGGY]    scale  =  new  double[y0.length];  java.util.Arrays.fill(scale,  scalAbsoluteTolerance);  }  else  {  scale  =  vecAbsoluteTolerance;  }  hNew  =  initializeStep(equations,  forward,  getOrder(),  scale,  stepStart,  y,  yDotK[0],  yTmp,  yDotK[1]);  firstTime  =  false;  }  stepSize  =  hNew;  [CLASS]  EmbeddedRungeKuttaIntegrator  [METHOD]  integrate  [RETURN_TYPE]  double  FirstOrderDifferentialEquations  equations  final  double  t0  final  double[]  y0  final  double  t  final  double[]  y  [VARIABLES]  boolean  firstTime  forward  fsal  lastStep  loop  nextIsLast  CombinedEventsManager  manager  double[]  b  c  scale  vecAbsoluteTolerance  vecRelativeTolerance  y  y0  yTmp  double  dt  error  exp  factor  hNew  maxGrowth  maxStep  minReduction  minStep  nextStep  nextT  safety  scalAbsoluteTolerance  scalRelativeTolerance  scaledH  stopTime  sum  t  t0  double[][]  a  yDotK  AbstractStepInterpolator  interpolator  StepHandler  handler  RungeKuttaStepInterpolator  prototype  rki  int  j  k  l  stages  FirstOrderDifferentialEquations  equations  	projects/Math74/src/main/java/org/apache/commons/math/ode/nonstiff/EmbeddedRungeKuttaIntegrator.java	0.5	247	247	1	replace	double  scalAbsoluteTolerance  =  getScale();	      double    scalAbsoluteTolerance    =    getOrder();    	non-compiled	[CE]  while  expected	18	None	replace
42	[BUG]  [BUGGY]  double  scalAbsoluteTolerance  =  getSlope();  [CE]  while  expected  [FE]            AssertionError    [CONTEXT]    for  (boolean  loop  =  true;  loop;)  {  if  (firstTime  ||  !fsal)  {  computeDerivatives(stepStart,  y,  yDotK[0]);  }  if  (firstTime)  {  final  double[]  scale;  if  (vecAbsoluteTolerance  ==  null)  {    [BUGGY]  double  scalAbsoluteTolerance  =  getSlope();  [BUGGY]    scale  =  new  double[y0.length];  java.util.Arrays.fill(scale,  scalAbsoluteTolerance);  }  else  {  scale  =  vecAbsoluteTolerance;  }  hNew  =  initializeStep(equations,  forward,  getOrder(),  scale,  stepStart,  y,  yDotK[0],  yTmp,  yDotK[1]);  firstTime  =  false;  }  stepSize  =  hNew;  [CLASS]  EmbeddedRungeKuttaIntegrator  [METHOD]  integrate  [RETURN_TYPE]  double  FirstOrderDifferentialEquations  equations  final  double  t0  final  double[]  y0  final  double  t  final  double[]  y  [VARIABLES]  boolean  firstTime  forward  fsal  lastStep  loop  nextIsLast  CombinedEventsManager  manager  double[]  b  c  scale  vecAbsoluteTolerance  vecRelativeTolerance  y  y0  yTmp  double  dt  error  exp  factor  hNew  maxGrowth  maxStep  minReduction  minStep  nextStep  nextT  safety  scalAbsoluteTolerance  scalRelativeTolerance  scaledH  stopTime  sum  t  t0  double[][]  a  yDotK  AbstractStepInterpolator  interpolator  StepHandler  handler  RungeKuttaStepInterpolator  prototype  rki  int  j  k  l  stages  FirstOrderDifferentialEquations  equations  	projects/Math74/src/main/java/org/apache/commons/math/ode/nonstiff/EmbeddedRungeKuttaIntegrator.java	0.5	247	247	1	replace	double  scalAbsoluteTolerance  =  getSlope();	      double    scalAbsoluteTolerance    =    getOrder();    	non-compiled	[CE]  while  expected	18	None	replace
43	[BUG]  [BUGGY]  double  scalAbsoluteTolerance  =  getScale(y0.length);  [CE]  while  expected  [FE]              AssertionError    [CONTEXT]    for  (boolean  loop  =  true;  loop;)  {  if  (firstTime  ||  !fsal)  {  computeDerivatives(stepStart,  y,  yDotK[0]);  }  if  (firstTime)  {  final  double[]  scale;  if  (vecAbsoluteTolerance  ==  null)  {    [BUGGY]  double  scalAbsoluteTolerance  =  getScale(y0.length);  [BUGGY]    scale  =  new  double[y0.length];  java.util.Arrays.fill(scale,  scalAbsoluteTolerance);  }  else  {  scale  =  vecAbsoluteTolerance;  }  hNew  =  initializeStep(equations,  forward,  getOrder(),  scale,  stepStart,  y,  yDotK[0],  yTmp,  yDotK[1]);  firstTime  =  false;  }  stepSize  =  hNew;  [CLASS]  EmbeddedRungeKuttaIntegrator  [METHOD]  integrate  [RETURN_TYPE]  double  FirstOrderDifferentialEquations  equations  final  double  t0  final  double[]  y0  final  double  t  final  double[]  y  [VARIABLES]  boolean  firstTime  forward  fsal  lastStep  loop  nextIsLast  CombinedEventsManager  manager  double[]  b  c  scale  vecAbsoluteTolerance  vecRelativeTolerance  y  y0  yTmp  double  dt  error  exp  factor  hNew  maxGrowth  maxStep  minReduction  minStep  nextStep  nextT  safety  scalAbsoluteTolerance  scalRelativeTolerance  scaledH  stopTime  sum  t  t0  double[][]  a  yDotK  AbstractStepInterpolator  interpolator  StepHandler  handler  RungeKuttaStepInterpolator  prototype  rki  int  j  k  l  stages  FirstOrderDifferentialEquations  equations  	projects/Math74/src/main/java/org/apache/commons/math/ode/nonstiff/EmbeddedRungeKuttaIntegrator.java	0.5	247	247	1	replace	double  scalAbsoluteTolerance  =  getScale(y0.length);	      double    scalAbsoluteTolerance    =    getOrder();    	non-compiled	[CE]  while  expected	18	None	replace
44	[BUG]  [BUGGY]  double[][]  scale  =  vecAbsoluteTolerance.getScales();  [CE]  while  expected  [FE]            AssertionError    [CONTEXT]    for  (boolean  loop  =  true;  loop;)  {  if  (firstTime  ||  !fsal)  {  computeDerivatives(stepStart,  y,  yDotK[0]);  }  if  (firstTime)  {  final  double[]  scale;  if  (vecAbsoluteTolerance  ==  null)  {    [BUGGY]  double[][]  scale  =  vecAbsoluteTolerance.getScales();  [BUGGY]    scale  =  new  double[y0.length];  java.util.Arrays.fill(scale,  scalAbsoluteTolerance);  }  else  {  scale  =  vecAbsoluteTolerance;  }  hNew  =  initializeStep(equations,  forward,  getOrder(),  scale,  stepStart,  y,  yDotK[0],  yTmp,  yDotK[1]);  firstTime  =  false;  }  stepSize  =  hNew;  [CLASS]  EmbeddedRungeKuttaIntegrator  [METHOD]  integrate  [RETURN_TYPE]  double  FirstOrderDifferentialEquations  equations  final  double  t0  final  double[]  y0  final  double  t  final  double[]  y  [VARIABLES]  boolean  firstTime  forward  fsal  lastStep  loop  nextIsLast  CombinedEventsManager  manager  double[]  b  c  scale  vecAbsoluteTolerance  vecRelativeTolerance  y  y0  yTmp  double  dt  error  exp  factor  hNew  maxGrowth  maxStep  minReduction  minStep  nextStep  nextT  safety  scalAbsoluteTolerance  scalRelativeTolerance  scaledH  stopTime  sum  t  t0  double[][]  a  yDotK  AbstractStepInterpolator  interpolator  StepHandler  handler  RungeKuttaStepInterpolator  prototype  rki  int  j  k  l  stages  FirstOrderDifferentialEquations  equations  	projects/Math74/src/main/java/org/apache/commons/math/ode/nonstiff/EmbeddedRungeKuttaIntegrator.java	0.5	247	247	1	replace	double[][]  scale  =  vecAbsoluteTolerance.getScales();	      double[][]    scale    =    vecAbsoluteTolerance.getValues();    	non-compiled	[CE]  while  expected	3	None	replace
45	[BUG]  [BUGGY]  double[][]  scale  =  scalAbsoluteTolerance.getValues();  [CE]  while  expected  [FE]              AssertionError    [CONTEXT]    for  (boolean  loop  =  true;  loop;)  {  if  (firstTime  ||  !fsal)  {  computeDerivatives(stepStart,  y,  yDotK[0]);  }  if  (firstTime)  {  final  double[]  scale;  if  (vecAbsoluteTolerance  ==  null)  {    [BUGGY]  double[][]  scale  =  scalAbsoluteTolerance.getValues();  [BUGGY]    scale  =  new  double[y0.length];  java.util.Arrays.fill(scale,  scalAbsoluteTolerance);  }  else  {  scale  =  vecAbsoluteTolerance;  }  hNew  =  initializeStep(equations,  forward,  getOrder(),  scale,  stepStart,  y,  yDotK[0],  yTmp,  yDotK[1]);  firstTime  =  false;  }  stepSize  =  hNew;  [CLASS]  EmbeddedRungeKuttaIntegrator  [METHOD]  integrate  [RETURN_TYPE]  double  FirstOrderDifferentialEquations  equations  final  double  t0  final  double[]  y0  final  double  t  final  double[]  y  [VARIABLES]  boolean  firstTime  forward  fsal  lastStep  loop  nextIsLast  CombinedEventsManager  manager  double[]  b  c  scale  vecAbsoluteTolerance  vecRelativeTolerance  y  y0  yTmp  double  dt  error  exp  factor  hNew  maxGrowth  maxStep  minReduction  minStep  nextStep  nextT  safety  scalAbsoluteTolerance  scalRelativeTolerance  scaledH  stopTime  sum  t  t0  double[][]  a  yDotK  AbstractStepInterpolator  interpolator  StepHandler  handler  RungeKuttaStepInterpolator  prototype  rki  int  j  k  l  stages  FirstOrderDifferentialEquations  equations  	projects/Math74/src/main/java/org/apache/commons/math/ode/nonstiff/EmbeddedRungeKuttaIntegrator.java	0.5	247	247	1	replace	double[][]  scale  =  scalAbsoluteTolerance.getValues();	      double[][]    scale    =    vecAbsoluteTolerance.getValues();    	non-compiled	[CE]  while  expected	3	None	replace
46	[BUG]  [BUGGY]  final  double[][]  scale  =  vecAbsoluteTolerance.getValues();  [CE]  while  expected  [FE]                AssertionError    [CONTEXT]    for  (boolean  loop  =  true;  loop;)  {  if  (firstTime  ||  !fsal)  {  computeDerivatives(stepStart,  y,  yDotK[0]);  }  if  (firstTime)  {  final  double[]  scale;  if  (vecAbsoluteTolerance  ==  null)  {    [BUGGY]  final  double[][]  scale  =  vecAbsoluteTolerance.getValues();  [BUGGY]    scale  =  new  double[y0.length];  java.util.Arrays.fill(scale,  scalAbsoluteTolerance);  }  else  {  scale  =  vecAbsoluteTolerance;  }  hNew  =  initializeStep(equations,  forward,  getOrder(),  scale,  stepStart,  y,  yDotK[0],  yTmp,  yDotK[1]);  firstTime  =  false;  }  stepSize  =  hNew;  [CLASS]  EmbeddedRungeKuttaIntegrator  [METHOD]  integrate  [RETURN_TYPE]  double  FirstOrderDifferentialEquations  equations  final  double  t0  final  double[]  y0  final  double  t  final  double[]  y  [VARIABLES]  boolean  firstTime  forward  fsal  lastStep  loop  nextIsLast  CombinedEventsManager  manager  double[]  b  c  scale  vecAbsoluteTolerance  vecRelativeTolerance  y  y0  yTmp  double  dt  error  exp  factor  hNew  maxGrowth  maxStep  minReduction  minStep  nextStep  nextT  safety  scalAbsoluteTolerance  scalRelativeTolerance  scaledH  stopTime  sum  t  t0  double[][]  a  yDotK  AbstractStepInterpolator  interpolator  StepHandler  handler  RungeKuttaStepInterpolator  prototype  rki  int  j  k  l  stages  FirstOrderDifferentialEquations  equations  	projects/Math74/src/main/java/org/apache/commons/math/ode/nonstiff/EmbeddedRungeKuttaIntegrator.java	0.5	247	247	1	replace	final  double[][]  scale  =  vecAbsoluteTolerance.getValues();	      double[][]    scale    =    vecAbsoluteTolerance.getValues();    	non-compiled	[CE]  while  expected	3	None	replace
47	[BUG]  [BUGGY]  scale  =  new  double[y.length  -  1];  [CE]  while  expected  [FE]              AssertionError    [CONTEXT]    for  (boolean  loop  =  true;  loop;)  {  if  (firstTime  ||  !fsal)  {  computeDerivatives(stepStart,  y,  yDotK[0]);  }  if  (firstTime)  {  final  double[]  scale;  if  (vecAbsoluteTolerance  ==  null)  {    [BUGGY]  scale  =  new  double[y.length  -  1];  [BUGGY]    java.util.Arrays.fill(scale,  scalAbsoluteTolerance);  }  else  {  scale  =  vecAbsoluteTolerance;  }  hNew  =  initializeStep(equations,  forward,  getOrder(),  scale,  stepStart,  y,  yDotK[0],  yTmp,  yDotK[1]);  firstTime  =  false;  }  stepSize  =  hNew;  [CLASS]  EmbeddedRungeKuttaIntegrator  [METHOD]  integrate  [RETURN_TYPE]  double  FirstOrderDifferentialEquations  equations  final  double  t0  final  double[]  y0  final  double  t  final  double[]  y  [VARIABLES]  boolean  firstTime  forward  fsal  lastStep  loop  nextIsLast  CombinedEventsManager  manager  double[]  b  c  scale  vecAbsoluteTolerance  vecRelativeTolerance  y  y0  yTmp  double  dt  error  exp  factor  hNew  maxGrowth  maxStep  minReduction  minStep  nextStep  nextT  safety  scalAbsoluteTolerance  scalRelativeTolerance  scaledH  stopTime  sum  t  t0  double[][]  a  yDotK  AbstractStepInterpolator  interpolator  StepHandler  handler  RungeKuttaStepInterpolator  prototype  rki  int  j  k  l  stages  FirstOrderDifferentialEquations  equations  	projects/Math74/src/main/java/org/apache/commons/math/ode/nonstiff/EmbeddedRungeKuttaIntegrator.java	0.5	247	247	1	replace	scale  =  new  double[y.length  -  1];	  scale    =    new    double[y0.length    -    1];    	non-compiled	[CE]  while  expected	9	None	replace
48	[BUG]  [BUGGY]  scale  =  new  double[t0.length  -  1];  [CE]  while  expected  [FE]            AssertionError    [CONTEXT]    for  (boolean  loop  =  true;  loop;)  {  if  (firstTime  ||  !fsal)  {  computeDerivatives(stepStart,  y,  yDotK[0]);  }  if  (firstTime)  {  final  double[]  scale;  if  (vecAbsoluteTolerance  ==  null)  {    [BUGGY]  scale  =  new  double[t0.length  -  1];  [BUGGY]    java.util.Arrays.fill(scale,  scalAbsoluteTolerance);  }  else  {  scale  =  vecAbsoluteTolerance;  }  hNew  =  initializeStep(equations,  forward,  getOrder(),  scale,  stepStart,  y,  yDotK[0],  yTmp,  yDotK[1]);  firstTime  =  false;  }  stepSize  =  hNew;  [CLASS]  EmbeddedRungeKuttaIntegrator  [METHOD]  integrate  [RETURN_TYPE]  double  FirstOrderDifferentialEquations  equations  final  double  t0  final  double[]  y0  final  double  t  final  double[]  y  [VARIABLES]  boolean  firstTime  forward  fsal  lastStep  loop  nextIsLast  CombinedEventsManager  manager  double[]  b  c  scale  vecAbsoluteTolerance  vecRelativeTolerance  y  y0  yTmp  double  dt  error  exp  factor  hNew  maxGrowth  maxStep  minReduction  minStep  nextStep  nextT  safety  scalAbsoluteTolerance  scalRelativeTolerance  scaledH  stopTime  sum  t  t0  double[][]  a  yDotK  AbstractStepInterpolator  interpolator  StepHandler  handler  RungeKuttaStepInterpolator  prototype  rki  int  j  k  l  stages  FirstOrderDifferentialEquations  equations  	projects/Math74/src/main/java/org/apache/commons/math/ode/nonstiff/EmbeddedRungeKuttaIntegrator.java	0.5	247	247	1	replace	scale  =  new  double[t0.length  -  1];	  scale    =    new    double[t0.length];    	non-compiled	[CE]  while  expected	8	None	replace
49	[BUG]  [BUGGY]  scale  =  new  double[t0.length  +  1];  [CE]  while  expected  [FE]              AssertionError    [CONTEXT]    for  (boolean  loop  =  true;  loop;)  {  if  (firstTime  ||  !fsal)  {  computeDerivatives(stepStart,  y,  yDotK[0]);  }  if  (firstTime)  {  final  double[]  scale;  if  (vecAbsoluteTolerance  ==  null)  {    [BUGGY]  scale  =  new  double[t0.length  +  1];  [BUGGY]    java.util.Arrays.fill(scale,  scalAbsoluteTolerance);  }  else  {  scale  =  vecAbsoluteTolerance;  }  hNew  =  initializeStep(equations,  forward,  getOrder(),  scale,  stepStart,  y,  yDotK[0],  yTmp,  yDotK[1]);  firstTime  =  false;  }  stepSize  =  hNew;  [CLASS]  EmbeddedRungeKuttaIntegrator  [METHOD]  integrate  [RETURN_TYPE]  double  FirstOrderDifferentialEquations  equations  final  double  t0  final  double[]  y0  final  double  t  final  double[]  y  [VARIABLES]  boolean  firstTime  forward  fsal  lastStep  loop  nextIsLast  CombinedEventsManager  manager  double[]  b  c  scale  vecAbsoluteTolerance  vecRelativeTolerance  y  y0  yTmp  double  dt  error  exp  factor  hNew  maxGrowth  maxStep  minReduction  minStep  nextStep  nextT  safety  scalAbsoluteTolerance  scalRelativeTolerance  scaledH  stopTime  sum  t  t0  double[][]  a  yDotK  AbstractStepInterpolator  interpolator  StepHandler  handler  RungeKuttaStepInterpolator  prototype  rki  int  j  k  l  stages  FirstOrderDifferentialEquations  equations  	projects/Math74/src/main/java/org/apache/commons/math/ode/nonstiff/EmbeddedRungeKuttaIntegrator.java	0.5	247	247	1	replace	scale  =  new  double[t0.length  +  1];	  scale    =    new    double[t0.length];    	non-compiled	[CE]  while  expected	8	None	replace
50	[BUG]  [BUGGY]  scale  =  new  double[vecAbsoluteTolerance.length  -  1];  [CE]  while  expected  [FE]              AssertionError    [CONTEXT]    for  (boolean  loop  =  true;  loop;)  {  if  (firstTime  ||  !fsal)  {  computeDerivatives(stepStart,  y,  yDotK[0]);  }  if  (firstTime)  {  final  double[]  scale;  if  (vecAbsoluteTolerance  ==  null)  {    [BUGGY]  scale  =  new  double[vecAbsoluteTolerance.length  -  1];  [BUGGY]    java.util.Arrays.fill(scale,  scalAbsoluteTolerance);  }  else  {  scale  =  vecAbsoluteTolerance;  }  hNew  =  initializeStep(equations,  forward,  getOrder(),  scale,  stepStart,  y,  yDotK[0],  yTmp,  yDotK[1]);  firstTime  =  false;  }  stepSize  =  hNew;  [CLASS]  EmbeddedRungeKuttaIntegrator  [METHOD]  integrate  [RETURN_TYPE]  double  FirstOrderDifferentialEquations  equations  final  double  t0  final  double[]  y0  final  double  t  final  double[]  y  [VARIABLES]  boolean  firstTime  forward  fsal  lastStep  loop  nextIsLast  CombinedEventsManager  manager  double[]  b  c  scale  vecAbsoluteTolerance  vecRelativeTolerance  y  y0  yTmp  double  dt  error  exp  factor  hNew  maxGrowth  maxStep  minReduction  minStep  nextStep  nextT  safety  scalAbsoluteTolerance  scalRelativeTolerance  scaledH  stopTime  sum  t  t0  double[][]  a  yDotK  AbstractStepInterpolator  interpolator  StepHandler  handler  RungeKuttaStepInterpolator  prototype  rki  int  j  k  l  stages  FirstOrderDifferentialEquations  equations  	projects/Math74/src/main/java/org/apache/commons/math/ode/nonstiff/EmbeddedRungeKuttaIntegrator.java	0.5	247	247	1	replace	scale  =  new  double[vecAbsoluteTolerance.length  -  1];	  scale    =    new    double[y0.length    -    1];    	non-compiled	[CE]  while  expected	9	None	replace
51	[BUG]  [BUGGY]  scale  =  new  double[scalAbsoluteTolerance.length  -  1];  [CE]  while  expected  [FE]                AssertionError    [CONTEXT]    for  (boolean  loop  =  true;  loop;)  {  if  (firstTime  ||  !fsal)  {  computeDerivatives(stepStart,  y,  yDotK[0]);  }  if  (firstTime)  {  final  double[]  scale;  if  (vecAbsoluteTolerance  ==  null)  {    [BUGGY]  scale  =  new  double[scalAbsoluteTolerance.length  -  1];  [BUGGY]    java.util.Arrays.fill(scale,  scalAbsoluteTolerance);  }  else  {  scale  =  vecAbsoluteTolerance;  }  hNew  =  initializeStep(equations,  forward,  getOrder(),  scale,  stepStart,  y,  yDotK[0],  yTmp,  yDotK[1]);  firstTime  =  false;  }  stepSize  =  hNew;  [CLASS]  EmbeddedRungeKuttaIntegrator  [METHOD]  integrate  [RETURN_TYPE]  double  FirstOrderDifferentialEquations  equations  final  double  t0  final  double[]  y0  final  double  t  final  double[]  y  [VARIABLES]  boolean  firstTime  forward  fsal  lastStep  loop  nextIsLast  CombinedEventsManager  manager  double[]  b  c  scale  vecAbsoluteTolerance  vecRelativeTolerance  y  y0  yTmp  double  dt  error  exp  factor  hNew  maxGrowth  maxStep  minReduction  minStep  nextStep  nextT  safety  scalAbsoluteTolerance  scalRelativeTolerance  scaledH  stopTime  sum  t  t0  double[][]  a  yDotK  AbstractStepInterpolator  interpolator  StepHandler  handler  RungeKuttaStepInterpolator  prototype  rki  int  j  k  l  stages  FirstOrderDifferentialEquations  equations  	projects/Math74/src/main/java/org/apache/commons/math/ode/nonstiff/EmbeddedRungeKuttaIntegrator.java	0.5	247	247	1	replace	scale  =  new  double[scalAbsoluteTolerance.length  -  1];	  scale    =    new    double[y0.length    -    1];    	non-compiled	[CE]  while  expected	9	None	replace
52	[BUG]  [BUGGY]  scale  =  new  double[scalAbsoluteTolerance.length];  [CE]  while  expected  [FE]          AssertionError    [CONTEXT]    for  (boolean  loop  =  true;  loop;)  {  if  (firstTime  ||  !fsal)  {  computeDerivatives(stepStart,  y,  yDotK[0]);  }  if  (firstTime)  {  final  double[]  scale;  if  (vecAbsoluteTolerance  ==  null)  {    [BUGGY]  scale  =  new  double[scalAbsoluteTolerance.length];  [BUGGY]    java.util.Arrays.fill(scale,  scalAbsoluteTolerance);  }  else  {  scale  =  vecAbsoluteTolerance;  }  hNew  =  initializeStep(equations,  forward,  getOrder(),  scale,  stepStart,  y,  yDotK[0],  yTmp,  yDotK[1]);  firstTime  =  false;  }  stepSize  =  hNew;  [CLASS]  EmbeddedRungeKuttaIntegrator  [METHOD]  integrate  [RETURN_TYPE]  double  FirstOrderDifferentialEquations  equations  final  double  t0  final  double[]  y0  final  double  t  final  double[]  y  [VARIABLES]  boolean  firstTime  forward  fsal  lastStep  loop  nextIsLast  CombinedEventsManager  manager  double[]  b  c  scale  vecAbsoluteTolerance  vecRelativeTolerance  y  y0  yTmp  double  dt  error  exp  factor  hNew  maxGrowth  maxStep  minReduction  minStep  nextStep  nextT  safety  scalAbsoluteTolerance  scalRelativeTolerance  scaledH  stopTime  sum  t  t0  double[][]  a  yDotK  AbstractStepInterpolator  interpolator  StepHandler  handler  RungeKuttaStepInterpolator  prototype  rki  int  j  k  l  stages  FirstOrderDifferentialEquations  equations  	projects/Math74/src/main/java/org/apache/commons/math/ode/nonstiff/EmbeddedRungeKuttaIntegrator.java	0.5	247	247	1	replace	scale  =  new  double[scalAbsoluteTolerance.length];	  scale    =    new    double[vecAbsoluteTolerance.length];    	non-compiled	[CE]  while  expected	7	None	replace
53	[BUG]  [BUGGY]  scale  =  new  double[scalableAbsoluteTolerance.length];  [CE]  while  expected  [FE]            AssertionError    [CONTEXT]    for  (boolean  loop  =  true;  loop;)  {  if  (firstTime  ||  !fsal)  {  computeDerivatives(stepStart,  y,  yDotK[0]);  }  if  (firstTime)  {  final  double[]  scale;  if  (vecAbsoluteTolerance  ==  null)  {    [BUGGY]  scale  =  new  double[scalableAbsoluteTolerance.length];  [BUGGY]    java.util.Arrays.fill(scale,  scalAbsoluteTolerance);  }  else  {  scale  =  vecAbsoluteTolerance;  }  hNew  =  initializeStep(equations,  forward,  getOrder(),  scale,  stepStart,  y,  yDotK[0],  yTmp,  yDotK[1]);  firstTime  =  false;  }  stepSize  =  hNew;  [CLASS]  EmbeddedRungeKuttaIntegrator  [METHOD]  integrate  [RETURN_TYPE]  double  FirstOrderDifferentialEquations  equations  final  double  t0  final  double[]  y0  final  double  t  final  double[]  y  [VARIABLES]  boolean  firstTime  forward  fsal  lastStep  loop  nextIsLast  CombinedEventsManager  manager  double[]  b  c  scale  vecAbsoluteTolerance  vecRelativeTolerance  y  y0  yTmp  double  dt  error  exp  factor  hNew  maxGrowth  maxStep  minReduction  minStep  nextStep  nextT  safety  scalAbsoluteTolerance  scalRelativeTolerance  scaledH  stopTime  sum  t  t0  double[][]  a  yDotK  AbstractStepInterpolator  interpolator  StepHandler  handler  RungeKuttaStepInterpolator  prototype  rki  int  j  k  l  stages  FirstOrderDifferentialEquations  equations  	projects/Math74/src/main/java/org/apache/commons/math/ode/nonstiff/EmbeddedRungeKuttaIntegrator.java	0.5	247	247	1	replace	scale  =  new  double[scalableAbsoluteTolerance.length];	  scale    =    new    double[vecAbsoluteTolerance.length];    	non-compiled	[CE]  while  expected	7	None	replace
54	[BUG]  [BUGGY]  scalAbsoluteTolerance  =  Math.min(scalaAbsoluteTolerance,  vecRelativeTolerance);  [CE]  while  expected  [FE]              AssertionError    [CONTEXT]    for  (boolean  loop  =  true;  loop;)  {  if  (firstTime  ||  !fsal)  {  computeDerivatives(stepStart,  y,  yDotK[0]);  }  if  (firstTime)  {  final  double[]  scale;  if  (vecAbsoluteTolerance  ==  null)  {    [BUGGY]  scalAbsoluteTolerance  =  Math.min(scalaAbsoluteTolerance,  vecRelativeTolerance);  [BUGGY]    scale  =  new  double[y0.length];  java.util.Arrays.fill(scale,  scalAbsoluteTolerance);  }  else  {  scale  =  vecAbsoluteTolerance;  }  hNew  =  initializeStep(equations,  forward,  getOrder(),  scale,  stepStart,  y,  yDotK[0],  yTmp,  yDotK[1]);  firstTime  =  false;  }  stepSize  =  hNew;  [CLASS]  EmbeddedRungeKuttaIntegrator  [METHOD]  integrate  [RETURN_TYPE]  double  FirstOrderDifferentialEquations  equations  final  double  t0  final  double[]  y0  final  double  t  final  double[]  y  [VARIABLES]  boolean  firstTime  forward  fsal  lastStep  loop  nextIsLast  CombinedEventsManager  manager  double[]  b  c  scale  vecAbsoluteTolerance  vecRelativeTolerance  y  y0  yTmp  double  dt  error  exp  factor  hNew  maxGrowth  maxStep  minReduction  minStep  nextStep  nextT  safety  scalAbsoluteTolerance  scalRelativeTolerance  scaledH  stopTime  sum  t  t0  double[][]  a  yDotK  AbstractStepInterpolator  interpolator  StepHandler  handler  RungeKuttaStepInterpolator  prototype  rki  int  j  k  l  stages  FirstOrderDifferentialEquations  equations  	projects/Math74/src/main/java/org/apache/commons/math/ode/nonstiff/EmbeddedRungeKuttaIntegrator.java	0.5	247	247	1	replace	scalAbsoluteTolerance  =  Math.min(scalaAbsoluteTolerance,  vecRelativeTolerance);	      scalAbsoluteTolerance    =    Math.max(scalaAbsoluteTolerance,    firstTime);    	non-compiled	[CE]  while  expected	15	None	replace
55	[BUG]  [BUGGY]  scalAbsoluteTolerance  =  Math.max(scalaAbsoluteTolerance,  y0);  [CE]  while  expected  [FE]                AssertionError    [CONTEXT]    for  (boolean  loop  =  true;  loop;)  {  if  (firstTime  ||  !fsal)  {  computeDerivatives(stepStart,  y,  yDotK[0]);  }  if  (firstTime)  {  final  double[]  scale;  if  (vecAbsoluteTolerance  ==  null)  {    [BUGGY]  scalAbsoluteTolerance  =  Math.max(scalaAbsoluteTolerance,  y0);  [BUGGY]    scale  =  new  double[y0.length];  java.util.Arrays.fill(scale,  scalAbsoluteTolerance);  }  else  {  scale  =  vecAbsoluteTolerance;  }  hNew  =  initializeStep(equations,  forward,  getOrder(),  scale,  stepStart,  y,  yDotK[0],  yTmp,  yDotK[1]);  firstTime  =  false;  }  stepSize  =  hNew;  [CLASS]  EmbeddedRungeKuttaIntegrator  [METHOD]  integrate  [RETURN_TYPE]  double  FirstOrderDifferentialEquations  equations  final  double  t0  final  double[]  y0  final  double  t  final  double[]  y  [VARIABLES]  boolean  firstTime  forward  fsal  lastStep  loop  nextIsLast  CombinedEventsManager  manager  double[]  b  c  scale  vecAbsoluteTolerance  vecRelativeTolerance  y  y0  yTmp  double  dt  error  exp  factor  hNew  maxGrowth  maxStep  minReduction  minStep  nextStep  nextT  safety  scalAbsoluteTolerance  scalRelativeTolerance  scaledH  stopTime  sum  t  t0  double[][]  a  yDotK  AbstractStepInterpolator  interpolator  StepHandler  handler  RungeKuttaStepInterpolator  prototype  rki  int  j  k  l  stages  FirstOrderDifferentialEquations  equations  	projects/Math74/src/main/java/org/apache/commons/math/ode/nonstiff/EmbeddedRungeKuttaIntegrator.java	0.5	247	247	1	replace	scalAbsoluteTolerance  =  Math.max(scalaAbsoluteTolerance,  y0);	      scalAbsoluteTolerance    =    Math.max(scalaAbsoluteTolerance,    firstTime);    	non-compiled	[CE]  while  expected	15	None	replace
56	[BUG]  [BUGGY]  scalAbsoluteTolerance  =  Math.max(scalaAbsoluteTolerance,  0);  [CE]  while  expected  [FE]                  AssertionError    [CONTEXT]    for  (boolean  loop  =  true;  loop;)  {  if  (firstTime  ||  !fsal)  {  computeDerivatives(stepStart,  y,  yDotK[0]);  }  if  (firstTime)  {  final  double[]  scale;  if  (vecAbsoluteTolerance  ==  null)  {    [BUGGY]  scalAbsoluteTolerance  =  Math.max(scalaAbsoluteTolerance,  0);  [BUGGY]    scale  =  new  double[y0.length];  java.util.Arrays.fill(scale,  scalAbsoluteTolerance);  }  else  {  scale  =  vecAbsoluteTolerance;  }  hNew  =  initializeStep(equations,  forward,  getOrder(),  scale,  stepStart,  y,  yDotK[0],  yTmp,  yDotK[1]);  firstTime  =  false;  }  stepSize  =  hNew;  [CLASS]  EmbeddedRungeKuttaIntegrator  [METHOD]  integrate  [RETURN_TYPE]  double  FirstOrderDifferentialEquations  equations  final  double  t0  final  double[]  y0  final  double  t  final  double[]  y  [VARIABLES]  boolean  firstTime  forward  fsal  lastStep  loop  nextIsLast  CombinedEventsManager  manager  double[]  b  c  scale  vecAbsoluteTolerance  vecRelativeTolerance  y  y0  yTmp  double  dt  error  exp  factor  hNew  maxGrowth  maxStep  minReduction  minStep  nextStep  nextT  safety  scalAbsoluteTolerance  scalRelativeTolerance  scaledH  stopTime  sum  t  t0  double[][]  a  yDotK  AbstractStepInterpolator  interpolator  StepHandler  handler  RungeKuttaStepInterpolator  prototype  rki  int  j  k  l  stages  FirstOrderDifferentialEquations  equations  	projects/Math74/src/main/java/org/apache/commons/math/ode/nonstiff/EmbeddedRungeKuttaIntegrator.java	0.5	247	247	1	replace	scalAbsoluteTolerance  =  Math.max(scalaAbsoluteTolerance,  0);	      scalAbsoluteTolerance    =    Math.max(scalaAbsoluteTolerance,    firstTime);    	non-compiled	[CE]  while  expected	15	None	replace
57	[BUG]  [BUGGY]  double[][]  scale  =  vecRelativeTolerance.toArray();  [CE]  while  expected  [FE]                AssertionError    [CONTEXT]    for  (boolean  loop  =  true;  loop;)  {  if  (firstTime  ||  !fsal)  {  computeDerivatives(stepStart,  y,  yDotK[0]);  }  if  (firstTime)  {  final  double[]  scale;  if  (vecAbsoluteTolerance  ==  null)  {    [BUGGY]  double[][]  scale  =  vecRelativeTolerance.toArray();  [BUGGY]    scale  =  new  double[y0.length];  java.util.Arrays.fill(scale,  scalAbsoluteTolerance);  }  else  {  scale  =  vecAbsoluteTolerance;  }  hNew  =  initializeStep(equations,  forward,  getOrder(),  scale,  stepStart,  y,  yDotK[0],  yTmp,  yDotK[1]);  firstTime  =  false;  }  stepSize  =  hNew;  [CLASS]  EmbeddedRungeKuttaIntegrator  [METHOD]  integrate  [RETURN_TYPE]  double  FirstOrderDifferentialEquations  equations  final  double  t0  final  double[]  y0  final  double  t  final  double[]  y  [VARIABLES]  boolean  firstTime  forward  fsal  lastStep  loop  nextIsLast  CombinedEventsManager  manager  double[]  b  c  scale  vecAbsoluteTolerance  vecRelativeTolerance  y  y0  yTmp  double  dt  error  exp  factor  hNew  maxGrowth  maxStep  minReduction  minStep  nextStep  nextT  safety  scalAbsoluteTolerance  scalRelativeTolerance  scaledH  stopTime  sum  t  t0  double[][]  a  yDotK  AbstractStepInterpolator  interpolator  StepHandler  handler  RungeKuttaStepInterpolator  prototype  rki  int  j  k  l  stages  FirstOrderDifferentialEquations  equations  	projects/Math74/src/main/java/org/apache/commons/math/ode/nonstiff/EmbeddedRungeKuttaIntegrator.java	0.5	247	247	1	replace	double[][]  scale  =  vecRelativeTolerance.toArray();	      double[][]    scale    =    vecAbsoluteTolerance.toArray();    	non-compiled	[CE]  while  expected	5	None	replace
58	[BUG]  [BUGGY]  double[][]  scale  =  vecAbsoluteTolerance.toArray(new  double[scalaAbsoluteTolerance.length]);  [CE]  while  expected  [FE]        AssertionError    [CONTEXT]    for  (boolean  loop  =  true;  loop;)  {  if  (firstTime  ||  !fsal)  {  computeDerivatives(stepStart,  y,  yDotK[0]);  }  if  (firstTime)  {  final  double[]  scale;  if  (vecAbsoluteTolerance  ==  null)  {    [BUGGY]  double[][]  scale  =  vecAbsoluteTolerance.toArray(new  double[scalaAbsoluteTolerance.length]);  [BUGGY]    scale  =  new  double[y0.length];  java.util.Arrays.fill(scale,  scalAbsoluteTolerance);  }  else  {  scale  =  vecAbsoluteTolerance;  }  hNew  =  initializeStep(equations,  forward,  getOrder(),  scale,  stepStart,  y,  yDotK[0],  yTmp,  yDotK[1]);  firstTime  =  false;  }  stepSize  =  hNew;  [CLASS]  EmbeddedRungeKuttaIntegrator  [METHOD]  integrate  [RETURN_TYPE]  double  FirstOrderDifferentialEquations  equations  final  double  t0  final  double[]  y0  final  double  t  final  double[]  y  [VARIABLES]  boolean  firstTime  forward  fsal  lastStep  loop  nextIsLast  CombinedEventsManager  manager  double[]  b  c  scale  vecAbsoluteTolerance  vecRelativeTolerance  y  y0  yTmp  double  dt  error  exp  factor  hNew  maxGrowth  maxStep  minReduction  minStep  nextStep  nextT  safety  scalAbsoluteTolerance  scalRelativeTolerance  scaledH  stopTime  sum  t  t0  double[][]  a  yDotK  AbstractStepInterpolator  interpolator  StepHandler  handler  RungeKuttaStepInterpolator  prototype  rki  int  j  k  l  stages  FirstOrderDifferentialEquations  equations  	projects/Math74/src/main/java/org/apache/commons/math/ode/nonstiff/EmbeddedRungeKuttaIntegrator.java	0.5	247	247	1	replace	double[][]  scale  =  vecAbsoluteTolerance.toArray(new  double[scalaAbsoluteTolerance.length]);	      double[][]    scale    =    vecAbsoluteTolerance.toArray(new    double[y0.length]);    	non-compiled	[CE]  while  expected	1	None	replace
59	[BUG]  [BUGGY]  scalAbsoluteTolerance  =  getRelativeTolerance();  [CE]  while  expected  [FE]              AssertionError    [CONTEXT]    for  (boolean  loop  =  true;  loop;)  {  if  (firstTime  ||  !fsal)  {  computeDerivatives(stepStart,  y,  yDotK[0]);  }  if  (firstTime)  {  final  double[]  scale;  if  (vecAbsoluteTolerance  ==  null)  {    [BUGGY]  scalAbsoluteTolerance  =  getRelativeTolerance();  [BUGGY]    scale  =  new  double[y0.length];  java.util.Arrays.fill(scale,  scalAbsoluteTolerance);  }  else  {  scale  =  vecAbsoluteTolerance;  }  hNew  =  initializeStep(equations,  forward,  getOrder(),  scale,  stepStart,  y,  yDotK[0],  yTmp,  yDotK[1]);  firstTime  =  false;  }  stepSize  =  hNew;  [CLASS]  EmbeddedRungeKuttaIntegrator  [METHOD]  integrate  [RETURN_TYPE]  double  FirstOrderDifferentialEquations  equations  final  double  t0  final  double[]  y0  final  double  t  final  double[]  y  [VARIABLES]  boolean  firstTime  forward  fsal  lastStep  loop  nextIsLast  CombinedEventsManager  manager  double[]  b  c  scale  vecAbsoluteTolerance  vecRelativeTolerance  y  y0  yTmp  double  dt  error  exp  factor  hNew  maxGrowth  maxStep  minReduction  minStep  nextStep  nextT  safety  scalAbsoluteTolerance  scalRelativeTolerance  scaledH  stopTime  sum  t  t0  double[][]  a  yDotK  AbstractStepInterpolator  interpolator  StepHandler  handler  RungeKuttaStepInterpolator  prototype  rki  int  j  k  l  stages  FirstOrderDifferentialEquations  equations  	projects/Math74/src/main/java/org/apache/commons/math/ode/nonstiff/EmbeddedRungeKuttaIntegrator.java	0.5	247	247	1	replace	scalAbsoluteTolerance  =  getRelativeTolerance();	      scalAbsoluteTolerance    =    getScale();    	non-compiled	[CE]  while  expected	4	None	replace
60	[BUG]  [BUGGY]  scalAbsoluteTolerance  =  getScale(null);  [CE]  while  expected  [FE]                AssertionError    [CONTEXT]    for  (boolean  loop  =  true;  loop;)  {  if  (firstTime  ||  !fsal)  {  computeDerivatives(stepStart,  y,  yDotK[0]);  }  if  (firstTime)  {  final  double[]  scale;  if  (vecAbsoluteTolerance  ==  null)  {    [BUGGY]  scalAbsoluteTolerance  =  getScale(null);  [BUGGY]    scale  =  new  double[y0.length];  java.util.Arrays.fill(scale,  scalAbsoluteTolerance);  }  else  {  scale  =  vecAbsoluteTolerance;  }  hNew  =  initializeStep(equations,  forward,  getOrder(),  scale,  stepStart,  y,  yDotK[0],  yTmp,  yDotK[1]);  firstTime  =  false;  }  stepSize  =  hNew;  [CLASS]  EmbeddedRungeKuttaIntegrator  [METHOD]  integrate  [RETURN_TYPE]  double  FirstOrderDifferentialEquations  equations  final  double  t0  final  double[]  y0  final  double  t  final  double[]  y  [VARIABLES]  boolean  firstTime  forward  fsal  lastStep  loop  nextIsLast  CombinedEventsManager  manager  double[]  b  c  scale  vecAbsoluteTolerance  vecRelativeTolerance  y  y0  yTmp  double  dt  error  exp  factor  hNew  maxGrowth  maxStep  minReduction  minStep  nextStep  nextT  safety  scalAbsoluteTolerance  scalRelativeTolerance  scaledH  stopTime  sum  t  t0  double[][]  a  yDotK  AbstractStepInterpolator  interpolator  StepHandler  handler  RungeKuttaStepInterpolator  prototype  rki  int  j  k  l  stages  FirstOrderDifferentialEquations  equations  	projects/Math74/src/main/java/org/apache/commons/math/ode/nonstiff/EmbeddedRungeKuttaIntegrator.java	0.5	247	247	1	replace	scalAbsoluteTolerance  =  getScale(null);	      scalAbsoluteTolerance    =    getScale();    	non-compiled	[CE]  while  expected	4	None	replace
61	[BUG]  [BUGGY]  double[][]  scale  =  vecRelativeTolerance.getScale();  [CE]  while  expected  [FE]          AssertionError    [CONTEXT]    for  (boolean  loop  =  true;  loop;)  {  if  (firstTime  ||  !fsal)  {  computeDerivatives(stepStart,  y,  yDotK[0]);  }  if  (firstTime)  {  final  double[]  scale;  if  (vecAbsoluteTolerance  ==  null)  {    [BUGGY]  double[][]  scale  =  vecRelativeTolerance.getScale();  [BUGGY]    scale  =  new  double[y0.length];  java.util.Arrays.fill(scale,  scalAbsoluteTolerance);  }  else  {  scale  =  vecAbsoluteTolerance;  }  hNew  =  initializeStep(equations,  forward,  getOrder(),  scale,  stepStart,  y,  yDotK[0],  yTmp,  yDotK[1]);  firstTime  =  false;  }  stepSize  =  hNew;  [CLASS]  EmbeddedRungeKuttaIntegrator  [METHOD]  integrate  [RETURN_TYPE]  double  FirstOrderDifferentialEquations  equations  final  double  t0  final  double[]  y0  final  double  t  final  double[]  y  [VARIABLES]  boolean  firstTime  forward  fsal  lastStep  loop  nextIsLast  CombinedEventsManager  manager  double[]  b  c  scale  vecAbsoluteTolerance  vecRelativeTolerance  y  y0  yTmp  double  dt  error  exp  factor  hNew  maxGrowth  maxStep  minReduction  minStep  nextStep  nextT  safety  scalAbsoluteTolerance  scalRelativeTolerance  scaledH  stopTime  sum  t  t0  double[][]  a  yDotK  AbstractStepInterpolator  interpolator  StepHandler  handler  RungeKuttaStepInterpolator  prototype  rki  int  j  k  l  stages  FirstOrderDifferentialEquations  equations  	projects/Math74/src/main/java/org/apache/commons/math/ode/nonstiff/EmbeddedRungeKuttaIntegrator.java	0.5	247	247	1	replace	double[][]  scale  =  vecRelativeTolerance.getScale();	      double[][]    scale    =    vecAbsoluteTolerance.getScale();    	non-compiled	[CE]  while  expected	2	None	replace
62	[BUG]  [BUGGY]  Arrays.fill(scale,  hNew);  [CE]  while  expected  [FE]        AssertionError    [CONTEXT]    for  (boolean  loop  =  true;  loop;)  {  if  (firstTime  ||  !fsal)  {  computeDerivatives(stepStart,  y,  yDotK[0]);  }  if  (firstTime)  {  final  double[]  scale;  if  (vecAbsoluteTolerance  ==  null)  {    [BUGGY]  Arrays.fill(scale,  hNew);  [BUGGY]    scale  =  new  double[y0.length];  java.util.Arrays.fill(scale,  scalAbsoluteTolerance);  }  else  {  scale  =  vecAbsoluteTolerance;  }  hNew  =  initializeStep(equations,  forward,  getOrder(),  scale,  stepStart,  y,  yDotK[0],  yTmp,  yDotK[1]);  firstTime  =  false;  }  stepSize  =  hNew;  [CLASS]  EmbeddedRungeKuttaIntegrator  [METHOD]  integrate  [RETURN_TYPE]  double  FirstOrderDifferentialEquations  equations  final  double  t0  final  double[]  y0  final  double  t  final  double[]  y  [VARIABLES]  boolean  firstTime  forward  fsal  lastStep  loop  nextIsLast  CombinedEventsManager  manager  double[]  b  c  scale  vecAbsoluteTolerance  vecRelativeTolerance  y  y0  yTmp  double  dt  error  exp  factor  hNew  maxGrowth  maxStep  minReduction  minStep  nextStep  nextT  safety  scalAbsoluteTolerance  scalRelativeTolerance  scaledH  stopTime  sum  t  t0  double[][]  a  yDotK  AbstractStepInterpolator  interpolator  StepHandler  handler  RungeKuttaStepInterpolator  prototype  rki  int  j  k  l  stages  FirstOrderDifferentialEquations  equations  	projects/Math74/src/main/java/org/apache/commons/math/ode/nonstiff/EmbeddedRungeKuttaIntegrator.java	0.5	247	247	1	replace	Arrays.fill(scale,  hNew);	      Arrays.fill(scale,    vecAbsoluteTolerance);    	non-compiled	[CE]  while  expected	12	None	replace
63	[BUG]  [BUGGY]  double  scalAbsoluteTolerance  =  getRelativeTolerance();  [CE]  while  expected  [FE]          AssertionError    [CONTEXT]    for  (boolean  loop  =  true;  loop;)  {  if  (firstTime  ||  !fsal)  {  computeDerivatives(stepStart,  y,  yDotK[0]);  }  if  (firstTime)  {  final  double[]  scale;  if  (vecAbsoluteTolerance  ==  null)  {    [BUGGY]  double  scalAbsoluteTolerance  =  getRelativeTolerance();  [BUGGY]    scale  =  new  double[y0.length];  java.util.Arrays.fill(scale,  scalAbsoluteTolerance);  }  else  {  scale  =  vecAbsoluteTolerance;  }  hNew  =  initializeStep(equations,  forward,  getOrder(),  scale,  stepStart,  y,  yDotK[0],  yTmp,  yDotK[1]);  firstTime  =  false;  }  stepSize  =  hNew;  [CLASS]  EmbeddedRungeKuttaIntegrator  [METHOD]  integrate  [RETURN_TYPE]  double  FirstOrderDifferentialEquations  equations  final  double  t0  final  double[]  y0  final  double  t  final  double[]  y  [VARIABLES]  boolean  firstTime  forward  fsal  lastStep  loop  nextIsLast  CombinedEventsManager  manager  double[]  b  c  scale  vecAbsoluteTolerance  vecRelativeTolerance  y  y0  yTmp  double  dt  error  exp  factor  hNew  maxGrowth  maxStep  minReduction  minStep  nextStep  nextT  safety  scalAbsoluteTolerance  scalRelativeTolerance  scaledH  stopTime  sum  t  t0  double[][]  a  yDotK  AbstractStepInterpolator  interpolator  StepHandler  handler  RungeKuttaStepInterpolator  prototype  rki  int  j  k  l  stages  FirstOrderDifferentialEquations  equations  	projects/Math74/src/main/java/org/apache/commons/math/ode/nonstiff/EmbeddedRungeKuttaIntegrator.java	0.5	247	247	1	replace	double  scalAbsoluteTolerance  =  getRelativeTolerance();	      double    scalAbsoluteTolerance    =    getOrder();    	non-compiled	[CE]  while  expected	18	None	replace
64	[BUG]  [BUGGY]  double  scalAbsoluteTolerance  =  getReal();  [CE]  while  expected  [FE]            AssertionError    [CONTEXT]    for  (boolean  loop  =  true;  loop;)  {  if  (firstTime  ||  !fsal)  {  computeDerivatives(stepStart,  y,  yDotK[0]);  }  if  (firstTime)  {  final  double[]  scale;  if  (vecAbsoluteTolerance  ==  null)  {    [BUGGY]  double  scalAbsoluteTolerance  =  getReal();  [BUGGY]    scale  =  new  double[y0.length];  java.util.Arrays.fill(scale,  scalAbsoluteTolerance);  }  else  {  scale  =  vecAbsoluteTolerance;  }  hNew  =  initializeStep(equations,  forward,  getOrder(),  scale,  stepStart,  y,  yDotK[0],  yTmp,  yDotK[1]);  firstTime  =  false;  }  stepSize  =  hNew;  [CLASS]  EmbeddedRungeKuttaIntegrator  [METHOD]  integrate  [RETURN_TYPE]  double  FirstOrderDifferentialEquations  equations  final  double  t0  final  double[]  y0  final  double  t  final  double[]  y  [VARIABLES]  boolean  firstTime  forward  fsal  lastStep  loop  nextIsLast  CombinedEventsManager  manager  double[]  b  c  scale  vecAbsoluteTolerance  vecRelativeTolerance  y  y0  yTmp  double  dt  error  exp  factor  hNew  maxGrowth  maxStep  minReduction  minStep  nextStep  nextT  safety  scalAbsoluteTolerance  scalRelativeTolerance  scaledH  stopTime  sum  t  t0  double[][]  a  yDotK  AbstractStepInterpolator  interpolator  StepHandler  handler  RungeKuttaStepInterpolator  prototype  rki  int  j  k  l  stages  FirstOrderDifferentialEquations  equations  	projects/Math74/src/main/java/org/apache/commons/math/ode/nonstiff/EmbeddedRungeKuttaIntegrator.java	0.5	247	247	1	replace	double  scalAbsoluteTolerance  =  getReal();	      double    scalAbsoluteTolerance    =    getOrder();    	non-compiled	[CE]  while  expected	18	None	replace
65	[BUG]  [BUGGY]  Arrays.fill(y0,  scaleAbsoluteTolerance);  [CE]  while  expected  [FE]          AssertionError    [CONTEXT]    for  (boolean  loop  =  true;  loop;)  {  if  (firstTime  ||  !fsal)  {  computeDerivatives(stepStart,  y,  yDotK[0]);  }  if  (firstTime)  {  final  double[]  scale;  if  (vecAbsoluteTolerance  ==  null)  {    [BUGGY]  Arrays.fill(y0,  scaleAbsoluteTolerance);  [BUGGY]    scale  =  new  double[y0.length];  java.util.Arrays.fill(scale,  scalAbsoluteTolerance);  }  else  {  scale  =  vecAbsoluteTolerance;  }  hNew  =  initializeStep(equations,  forward,  getOrder(),  scale,  stepStart,  y,  yDotK[0],  yTmp,  yDotK[1]);  firstTime  =  false;  }  stepSize  =  hNew;  [CLASS]  EmbeddedRungeKuttaIntegrator  [METHOD]  integrate  [RETURN_TYPE]  double  FirstOrderDifferentialEquations  equations  final  double  t0  final  double[]  y0  final  double  t  final  double[]  y  [VARIABLES]  boolean  firstTime  forward  fsal  lastStep  loop  nextIsLast  CombinedEventsManager  manager  double[]  b  c  scale  vecAbsoluteTolerance  vecRelativeTolerance  y  y0  yTmp  double  dt  error  exp  factor  hNew  maxGrowth  maxStep  minReduction  minStep  nextStep  nextT  safety  scalAbsoluteTolerance  scalRelativeTolerance  scaledH  stopTime  sum  t  t0  double[][]  a  yDotK  AbstractStepInterpolator  interpolator  StepHandler  handler  RungeKuttaStepInterpolator  prototype  rki  int  j  k  l  stages  FirstOrderDifferentialEquations  equations  	projects/Math74/src/main/java/org/apache/commons/math/ode/nonstiff/EmbeddedRungeKuttaIntegrator.java	0.5	247	247	1	replace	Arrays.fill(y0,  scaleAbsoluteTolerance);	      Arrays.fill(scale,    scalAbsoluteTolerance);    	non-compiled	[CE]  while  expected	13	None	replace
66	[BUG]  [BUGGY]  scalAbsoluteTolerance  =  calculateScaleAbsoluteTolerance(t0,  scale);  [CE]  while  expected  [FE]            AssertionError    [CONTEXT]    for  (boolean  loop  =  true;  loop;)  {  if  (firstTime  ||  !fsal)  {  computeDerivatives(stepStart,  y,  yDotK[0]);  }  if  (firstTime)  {  final  double[]  scale;  if  (vecAbsoluteTolerance  ==  null)  {    [BUGGY]  scalAbsoluteTolerance  =  calculateScaleAbsoluteTolerance(t0,  scale);  [BUGGY]    scale  =  new  double[y0.length];  java.util.Arrays.fill(scale,  scalAbsoluteTolerance);  }  else  {  scale  =  vecAbsoluteTolerance;  }  hNew  =  initializeStep(equations,  forward,  getOrder(),  scale,  stepStart,  y,  yDotK[0],  yTmp,  yDotK[1]);  firstTime  =  false;  }  stepSize  =  hNew;  [CLASS]  EmbeddedRungeKuttaIntegrator  [METHOD]  integrate  [RETURN_TYPE]  double  FirstOrderDifferentialEquations  equations  final  double  t0  final  double[]  y0  final  double  t  final  double[]  y  [VARIABLES]  boolean  firstTime  forward  fsal  lastStep  loop  nextIsLast  CombinedEventsManager  manager  double[]  b  c  scale  vecAbsoluteTolerance  vecRelativeTolerance  y  y0  yTmp  double  dt  error  exp  factor  hNew  maxGrowth  maxStep  minReduction  minStep  nextStep  nextT  safety  scalAbsoluteTolerance  scalRelativeTolerance  scaledH  stopTime  sum  t  t0  double[][]  a  yDotK  AbstractStepInterpolator  interpolator  StepHandler  handler  RungeKuttaStepInterpolator  prototype  rki  int  j  k  l  stages  FirstOrderDifferentialEquations  equations  	projects/Math74/src/main/java/org/apache/commons/math/ode/nonstiff/EmbeddedRungeKuttaIntegrator.java	0.5	247	247	1	replace	scalAbsoluteTolerance  =  calculateScaleAbsoluteTolerance(t0,  scale);	      scalAbsoluteTolerance    =    calculateScaleAbsoluteTolerance(t0,    y0);    	non-compiled	[CE]  while  expected	14	None	replace
67	[BUG]  [BUGGY]  y0  =  getTick();  [CE]  while  expected  [FE]            AssertionError    [CONTEXT]    for  (boolean  loop  =  true;  loop;)  {  if  (firstTime  ||  !fsal)  {  computeDerivatives(stepStart,  y,  yDotK[0]);  }  if  (firstTime)  {  final  double[]  scale;  if  (vecAbsoluteTolerance  ==  null)  {    [BUGGY]  y0  =  getTick();  [BUGGY]    scale  =  new  double[y0.length];  java.util.Arrays.fill(scale,  scalAbsoluteTolerance);  }  else  {  scale  =  vecAbsoluteTolerance;  }  hNew  =  initializeStep(equations,  forward,  getOrder(),  scale,  stepStart,  y,  yDotK[0],  yTmp,  yDotK[1]);  firstTime  =  false;  }  stepSize  =  hNew;  [CLASS]  EmbeddedRungeKuttaIntegrator  [METHOD]  integrate  [RETURN_TYPE]  double  FirstOrderDifferentialEquations  equations  final  double  t0  final  double[]  y0  final  double  t  final  double[]  y  [VARIABLES]  boolean  firstTime  forward  fsal  lastStep  loop  nextIsLast  CombinedEventsManager  manager  double[]  b  c  scale  vecAbsoluteTolerance  vecRelativeTolerance  y  y0  yTmp  double  dt  error  exp  factor  hNew  maxGrowth  maxStep  minReduction  minStep  nextStep  nextT  safety  scalAbsoluteTolerance  scalRelativeTolerance  scaledH  stopTime  sum  t  t0  double[][]  a  yDotK  AbstractStepInterpolator  interpolator  StepHandler  handler  RungeKuttaStepInterpolator  prototype  rki  int  j  k  l  stages  FirstOrderDifferentialEquations  equations  	projects/Math74/src/main/java/org/apache/commons/math/ode/nonstiff/EmbeddedRungeKuttaIntegrator.java	0.5	247	247	1	replace	y0  =  getTick();	      y0    =    getOrder();    	non-compiled	[CE]  while  expected	19	None	replace
68	[BUG]  [BUGGY]  double[][]  scale  =  vecAbsoluteTolerance.toArray(new  double[scaleAbsoluteTolerance.length]);  [CE]  while  expected  [FE]        AssertionError    [CONTEXT]    for  (boolean  loop  =  true;  loop;)  {  if  (firstTime  ||  !fsal)  {  computeDerivatives(stepStart,  y,  yDotK[0]);  }  if  (firstTime)  {  final  double[]  scale;  if  (vecAbsoluteTolerance  ==  null)  {    [BUGGY]  double[][]  scale  =  vecAbsoluteTolerance.toArray(new  double[scaleAbsoluteTolerance.length]);  [BUGGY]    scale  =  new  double[y0.length];  java.util.Arrays.fill(scale,  scalAbsoluteTolerance);  }  else  {  scale  =  vecAbsoluteTolerance;  }  hNew  =  initializeStep(equations,  forward,  getOrder(),  scale,  stepStart,  y,  yDotK[0],  yTmp,  yDotK[1]);  firstTime  =  false;  }  stepSize  =  hNew;  [CLASS]  EmbeddedRungeKuttaIntegrator  [METHOD]  integrate  [RETURN_TYPE]  double  FirstOrderDifferentialEquations  equations  final  double  t0  final  double[]  y0  final  double  t  final  double[]  y  [VARIABLES]  boolean  firstTime  forward  fsal  lastStep  loop  nextIsLast  CombinedEventsManager  manager  double[]  b  c  scale  vecAbsoluteTolerance  vecRelativeTolerance  y  y0  yTmp  double  dt  error  exp  factor  hNew  maxGrowth  maxStep  minReduction  minStep  nextStep  nextT  safety  scalAbsoluteTolerance  scalRelativeTolerance  scaledH  stopTime  sum  t  t0  double[][]  a  yDotK  AbstractStepInterpolator  interpolator  StepHandler  handler  RungeKuttaStepInterpolator  prototype  rki  int  j  k  l  stages  FirstOrderDifferentialEquations  equations  	projects/Math74/src/main/java/org/apache/commons/math/ode/nonstiff/EmbeddedRungeKuttaIntegrator.java	0.5	247	247	1	replace	double[][]  scale  =  vecAbsoluteTolerance.toArray(new  double[scaleAbsoluteTolerance.length]);	      double[][]    scale    =    vecAbsoluteTolerance.toArray(new    double[y0.length]);    	non-compiled	[CE]  while  expected	1	None	replace
69	[BUG]  [BUGGY]  double[][]  scale  =  vecAbsoluteTolerance.toArray(new  double[scala.length]);  [CE]  while  expected  [FE]          AssertionError    [CONTEXT]    for  (boolean  loop  =  true;  loop;)  {  if  (firstTime  ||  !fsal)  {  computeDerivatives(stepStart,  y,  yDotK[0]);  }  if  (firstTime)  {  final  double[]  scale;  if  (vecAbsoluteTolerance  ==  null)  {    [BUGGY]  double[][]  scale  =  vecAbsoluteTolerance.toArray(new  double[scala.length]);  [BUGGY]    scale  =  new  double[y0.length];  java.util.Arrays.fill(scale,  scalAbsoluteTolerance);  }  else  {  scale  =  vecAbsoluteTolerance;  }  hNew  =  initializeStep(equations,  forward,  getOrder(),  scale,  stepStart,  y,  yDotK[0],  yTmp,  yDotK[1]);  firstTime  =  false;  }  stepSize  =  hNew;  [CLASS]  EmbeddedRungeKuttaIntegrator  [METHOD]  integrate  [RETURN_TYPE]  double  FirstOrderDifferentialEquations  equations  final  double  t0  final  double[]  y0  final  double  t  final  double[]  y  [VARIABLES]  boolean  firstTime  forward  fsal  lastStep  loop  nextIsLast  CombinedEventsManager  manager  double[]  b  c  scale  vecAbsoluteTolerance  vecRelativeTolerance  y  y0  yTmp  double  dt  error  exp  factor  hNew  maxGrowth  maxStep  minReduction  minStep  nextStep  nextT  safety  scalAbsoluteTolerance  scalRelativeTolerance  scaledH  stopTime  sum  t  t0  double[][]  a  yDotK  AbstractStepInterpolator  interpolator  StepHandler  handler  RungeKuttaStepInterpolator  prototype  rki  int  j  k  l  stages  FirstOrderDifferentialEquations  equations  	projects/Math74/src/main/java/org/apache/commons/math/ode/nonstiff/EmbeddedRungeKuttaIntegrator.java	0.5	247	247	1	replace	double[][]  scale  =  vecAbsoluteTolerance.toArray(new  double[scala.length]);	      double[][]    scale    =    vecAbsoluteTolerance.toArray(new    double[y0.length]);    	non-compiled	[CE]  while  expected	1	None	replace
70	[BUG]  [BUGGY]  scalAbsoluteTolerance  =  getScale(t0);  [CE]  while  expected  [FE]              AssertionError    [CONTEXT]    for  (boolean  loop  =  true;  loop;)  {  if  (firstTime  ||  !fsal)  {  computeDerivatives(stepStart,  y,  yDotK[0]);  }  if  (firstTime)  {  final  double[]  scale;  if  (vecAbsoluteTolerance  ==  null)  {    [BUGGY]  scalAbsoluteTolerance  =  getScale(t0);  [BUGGY]    scale  =  new  double[y0.length];  java.util.Arrays.fill(scale,  scalAbsoluteTolerance);  }  else  {  scale  =  vecAbsoluteTolerance;  }  hNew  =  initializeStep(equations,  forward,  getOrder(),  scale,  stepStart,  y,  yDotK[0],  yTmp,  yDotK[1]);  firstTime  =  false;  }  stepSize  =  hNew;  [CLASS]  EmbeddedRungeKuttaIntegrator  [METHOD]  integrate  [RETURN_TYPE]  double  FirstOrderDifferentialEquations  equations  final  double  t0  final  double[]  y0  final  double  t  final  double[]  y  [VARIABLES]  boolean  firstTime  forward  fsal  lastStep  loop  nextIsLast  CombinedEventsManager  manager  double[]  b  c  scale  vecAbsoluteTolerance  vecRelativeTolerance  y  y0  yTmp  double  dt  error  exp  factor  hNew  maxGrowth  maxStep  minReduction  minStep  nextStep  nextT  safety  scalAbsoluteTolerance  scalRelativeTolerance  scaledH  stopTime  sum  t  t0  double[][]  a  yDotK  AbstractStepInterpolator  interpolator  StepHandler  handler  RungeKuttaStepInterpolator  prototype  rki  int  j  k  l  stages  FirstOrderDifferentialEquations  equations  	projects/Math74/src/main/java/org/apache/commons/math/ode/nonstiff/EmbeddedRungeKuttaIntegrator.java	0.5	247	247	1	replace	scalAbsoluteTolerance  =  getScale(t0);	      scalAbsoluteTolerance    =    getScale();    	non-compiled	[CE]  while  expected	4	None	replace
71	[BUG]  [BUGGY]  scalAbsoluteTolerance  =  calculateScaleAbsoluteTolerance(t0,  yTmp);  [CE]  while  expected  [FE]            AssertionError    [CONTEXT]    for  (boolean  loop  =  true;  loop;)  {  if  (firstTime  ||  !fsal)  {  computeDerivatives(stepStart,  y,  yDotK[0]);  }  if  (firstTime)  {  final  double[]  scale;  if  (vecAbsoluteTolerance  ==  null)  {    [BUGGY]  scalAbsoluteTolerance  =  calculateScaleAbsoluteTolerance(t0,  yTmp);  [BUGGY]    scale  =  new  double[y0.length];  java.util.Arrays.fill(scale,  scalAbsoluteTolerance);  }  else  {  scale  =  vecAbsoluteTolerance;  }  hNew  =  initializeStep(equations,  forward,  getOrder(),  scale,  stepStart,  y,  yDotK[0],  yTmp,  yDotK[1]);  firstTime  =  false;  }  stepSize  =  hNew;  [CLASS]  EmbeddedRungeKuttaIntegrator  [METHOD]  integrate  [RETURN_TYPE]  double  FirstOrderDifferentialEquations  equations  final  double  t0  final  double[]  y0  final  double  t  final  double[]  y  [VARIABLES]  boolean  firstTime  forward  fsal  lastStep  loop  nextIsLast  CombinedEventsManager  manager  double[]  b  c  scale  vecAbsoluteTolerance  vecRelativeTolerance  y  y0  yTmp  double  dt  error  exp  factor  hNew  maxGrowth  maxStep  minReduction  minStep  nextStep  nextT  safety  scalAbsoluteTolerance  scalRelativeTolerance  scaledH  stopTime  sum  t  t0  double[][]  a  yDotK  AbstractStepInterpolator  interpolator  StepHandler  handler  RungeKuttaStepInterpolator  prototype  rki  int  j  k  l  stages  FirstOrderDifferentialEquations  equations  	projects/Math74/src/main/java/org/apache/commons/math/ode/nonstiff/EmbeddedRungeKuttaIntegrator.java	0.5	247	247	1	replace	scalAbsoluteTolerance  =  calculateScaleAbsoluteTolerance(t0,  yTmp);	      scalAbsoluteTolerance    =    calculateScaleAbsoluteTolerance(t0,    y0);    	non-compiled	[CE]  while  expected	14	None	replace
72	[BUG]  [BUGGY]  scalAbsoluteTolerance  =  Math.min(scalaAbsoluteTolerance,  vecAbsoluteTolerance);  [CE]  while  expected  [FE]              AssertionError    [CONTEXT]    for  (boolean  loop  =  true;  loop;)  {  if  (firstTime  ||  !fsal)  {  computeDerivatives(stepStart,  y,  yDotK[0]);  }  if  (firstTime)  {  final  double[]  scale;  if  (vecAbsoluteTolerance  ==  null)  {    [BUGGY]  scalAbsoluteTolerance  =  Math.min(scalaAbsoluteTolerance,  vecAbsoluteTolerance);  [BUGGY]    scale  =  new  double[y0.length];  java.util.Arrays.fill(scale,  scalAbsoluteTolerance);  }  else  {  scale  =  vecAbsoluteTolerance;  }  hNew  =  initializeStep(equations,  forward,  getOrder(),  scale,  stepStart,  y,  yDotK[0],  yTmp,  yDotK[1]);  firstTime  =  false;  }  stepSize  =  hNew;  [CLASS]  EmbeddedRungeKuttaIntegrator  [METHOD]  integrate  [RETURN_TYPE]  double  FirstOrderDifferentialEquations  equations  final  double  t0  final  double[]  y0  final  double  t  final  double[]  y  [VARIABLES]  boolean  firstTime  forward  fsal  lastStep  loop  nextIsLast  CombinedEventsManager  manager  double[]  b  c  scale  vecAbsoluteTolerance  vecRelativeTolerance  y  y0  yTmp  double  dt  error  exp  factor  hNew  maxGrowth  maxStep  minReduction  minStep  nextStep  nextT  safety  scalAbsoluteTolerance  scalRelativeTolerance  scaledH  stopTime  sum  t  t0  double[][]  a  yDotK  AbstractStepInterpolator  interpolator  StepHandler  handler  RungeKuttaStepInterpolator  prototype  rki  int  j  k  l  stages  FirstOrderDifferentialEquations  equations  	projects/Math74/src/main/java/org/apache/commons/math/ode/nonstiff/EmbeddedRungeKuttaIntegrator.java	0.5	247	247	1	replace	scalAbsoluteTolerance  =  Math.min(scalaAbsoluteTolerance,  vecAbsoluteTolerance);	      scalAbsoluteTolerance    =    Math.max(scalaAbsoluteTolerance,    firstTime);    	non-compiled	[CE]  while  expected	15	None	replace
73	[BUG]  [BUGGY]  scalAbsoluteTolerance  =  Math.max(scale,  vecAbsoluteTolerance);  [CE]  while  expected  [FE]                AssertionError    [CONTEXT]    for  (boolean  loop  =  true;  loop;)  {  if  (firstTime  ||  !fsal)  {  computeDerivatives(stepStart,  y,  yDotK[0]);  }  if  (firstTime)  {  final  double[]  scale;  if  (vecAbsoluteTolerance  ==  null)  {    [BUGGY]  scalAbsoluteTolerance  =  Math.max(scale,  vecAbsoluteTolerance);  [BUGGY]    scale  =  new  double[y0.length];  java.util.Arrays.fill(scale,  scalAbsoluteTolerance);  }  else  {  scale  =  vecAbsoluteTolerance;  }  hNew  =  initializeStep(equations,  forward,  getOrder(),  scale,  stepStart,  y,  yDotK[0],  yTmp,  yDotK[1]);  firstTime  =  false;  }  stepSize  =  hNew;  [CLASS]  EmbeddedRungeKuttaIntegrator  [METHOD]  integrate  [RETURN_TYPE]  double  FirstOrderDifferentialEquations  equations  final  double  t0  final  double[]  y0  final  double  t  final  double[]  y  [VARIABLES]  boolean  firstTime  forward  fsal  lastStep  loop  nextIsLast  CombinedEventsManager  manager  double[]  b  c  scale  vecAbsoluteTolerance  vecRelativeTolerance  y  y0  yTmp  double  dt  error  exp  factor  hNew  maxGrowth  maxStep  minReduction  minStep  nextStep  nextT  safety  scalAbsoluteTolerance  scalRelativeTolerance  scaledH  stopTime  sum  t  t0  double[][]  a  yDotK  AbstractStepInterpolator  interpolator  StepHandler  handler  RungeKuttaStepInterpolator  prototype  rki  int  j  k  l  stages  FirstOrderDifferentialEquations  equations  	projects/Math74/src/main/java/org/apache/commons/math/ode/nonstiff/EmbeddedRungeKuttaIntegrator.java	0.5	247	247	1	replace	scalAbsoluteTolerance  =  Math.max(scale,  vecAbsoluteTolerance);	      scalAbsoluteTolerance    =    Math.max(scalaAbsoluteTolerance,    firstTime);    	non-compiled	[CE]  while  expected	15	None	replace
74	[BUG]  [BUGGY]  scalAbsoluteTolerance  =  Math.max(scalaAbsoluteTolerance,  vecAbsoluteTolerance);  [CE]  while  expected  [FE]                  AssertionError    [CONTEXT]    for  (boolean  loop  =  true;  loop;)  {  if  (firstTime  ||  !fsal)  {  computeDerivatives(stepStart,  y,  yDotK[0]);  }  if  (firstTime)  {  final  double[]  scale;  if  (vecAbsoluteTolerance  ==  null)  {    [BUGGY]  scalAbsoluteTolerance  =  Math.max(scalaAbsoluteTolerance,  vecAbsoluteTolerance);  [BUGGY]    scale  =  new  double[y0.length];  java.util.Arrays.fill(scale,  scalAbsoluteTolerance);  }  else  {  scale  =  vecAbsoluteTolerance;  }  hNew  =  initializeStep(equations,  forward,  getOrder(),  scale,  stepStart,  y,  yDotK[0],  yTmp,  yDotK[1]);  firstTime  =  false;  }  stepSize  =  hNew;  [CLASS]  EmbeddedRungeKuttaIntegrator  [METHOD]  integrate  [RETURN_TYPE]  double  FirstOrderDifferentialEquations  equations  final  double  t0  final  double[]  y0  final  double  t  final  double[]  y  [VARIABLES]  boolean  firstTime  forward  fsal  lastStep  loop  nextIsLast  CombinedEventsManager  manager  double[]  b  c  scale  vecAbsoluteTolerance  vecRelativeTolerance  y  y0  yTmp  double  dt  error  exp  factor  hNew  maxGrowth  maxStep  minReduction  minStep  nextStep  nextT  safety  scalAbsoluteTolerance  scalRelativeTolerance  scaledH  stopTime  sum  t  t0  double[][]  a  yDotK  AbstractStepInterpolator  interpolator  StepHandler  handler  RungeKuttaStepInterpolator  prototype  rki  int  j  k  l  stages  FirstOrderDifferentialEquations  equations  	projects/Math74/src/main/java/org/apache/commons/math/ode/nonstiff/EmbeddedRungeKuttaIntegrator.java	0.5	247	247	1	replace	scalAbsoluteTolerance  =  Math.max(scalaAbsoluteTolerance,  vecAbsoluteTolerance);	      scalAbsoluteTolerance    =    Math.max(scalaAbsoluteTolerance,    firstTime);    	non-compiled	[CE]  while  expected	15	None	replace
75	[BUG]  [BUGGY]  scalAbsoluteTolerance  =  Math.max(scalaAbsoluteTolerance,  vecRelativeTolerance);  [CE]  while  expected  [FE]                    AssertionError    [CONTEXT]    for  (boolean  loop  =  true;  loop;)  {  if  (firstTime  ||  !fsal)  {  computeDerivatives(stepStart,  y,  yDotK[0]);  }  if  (firstTime)  {  final  double[]  scale;  if  (vecAbsoluteTolerance  ==  null)  {    [BUGGY]  scalAbsoluteTolerance  =  Math.max(scalaAbsoluteTolerance,  vecRelativeTolerance);  [BUGGY]    scale  =  new  double[y0.length];  java.util.Arrays.fill(scale,  scalAbsoluteTolerance);  }  else  {  scale  =  vecAbsoluteTolerance;  }  hNew  =  initializeStep(equations,  forward,  getOrder(),  scale,  stepStart,  y,  yDotK[0],  yTmp,  yDotK[1]);  firstTime  =  false;  }  stepSize  =  hNew;  [CLASS]  EmbeddedRungeKuttaIntegrator  [METHOD]  integrate  [RETURN_TYPE]  double  FirstOrderDifferentialEquations  equations  final  double  t0  final  double[]  y0  final  double  t  final  double[]  y  [VARIABLES]  boolean  firstTime  forward  fsal  lastStep  loop  nextIsLast  CombinedEventsManager  manager  double[]  b  c  scale  vecAbsoluteTolerance  vecRelativeTolerance  y  y0  yTmp  double  dt  error  exp  factor  hNew  maxGrowth  maxStep  minReduction  minStep  nextStep  nextT  safety  scalAbsoluteTolerance  scalRelativeTolerance  scaledH  stopTime  sum  t  t0  double[][]  a  yDotK  AbstractStepInterpolator  interpolator  StepHandler  handler  RungeKuttaStepInterpolator  prototype  rki  int  j  k  l  stages  FirstOrderDifferentialEquations  equations  	projects/Math74/src/main/java/org/apache/commons/math/ode/nonstiff/EmbeddedRungeKuttaIntegrator.java	0.5	247	247	1	replace	scalAbsoluteTolerance  =  Math.max(scalaAbsoluteTolerance,  vecRelativeTolerance);	      scalAbsoluteTolerance    =    Math.max(scalaAbsoluteTolerance,    firstTime);    	non-compiled	[CE]  while  expected	15	None	replace
76	[BUG]  [BUGGY]  y0  =  getImmediateParentPointer();  [CE]  while  expected  [FE]            AssertionError    [CONTEXT]    for  (boolean  loop  =  true;  loop;)  {  if  (firstTime  ||  !fsal)  {  computeDerivatives(stepStart,  y,  yDotK[0]);  }  if  (firstTime)  {  final  double[]  scale;  if  (vecAbsoluteTolerance  ==  null)  {    [BUGGY]  y0  =  getImmediateParentPointer();  [BUGGY]    scale  =  new  double[y0.length];  java.util.Arrays.fill(scale,  scalAbsoluteTolerance);  }  else  {  scale  =  vecAbsoluteTolerance;  }  hNew  =  initializeStep(equations,  forward,  getOrder(),  scale,  stepStart,  y,  yDotK[0],  yTmp,  yDotK[1]);  firstTime  =  false;  }  stepSize  =  hNew;  [CLASS]  EmbeddedRungeKuttaIntegrator  [METHOD]  integrate  [RETURN_TYPE]  double  FirstOrderDifferentialEquations  equations  final  double  t0  final  double[]  y0  final  double  t  final  double[]  y  [VARIABLES]  boolean  firstTime  forward  fsal  lastStep  loop  nextIsLast  CombinedEventsManager  manager  double[]  b  c  scale  vecAbsoluteTolerance  vecRelativeTolerance  y  y0  yTmp  double  dt  error  exp  factor  hNew  maxGrowth  maxStep  minReduction  minStep  nextStep  nextT  safety  scalAbsoluteTolerance  scalRelativeTolerance  scaledH  stopTime  sum  t  t0  double[][]  a  yDotK  AbstractStepInterpolator  interpolator  StepHandler  handler  RungeKuttaStepInterpolator  prototype  rki  int  j  k  l  stages  FirstOrderDifferentialEquations  equations  	projects/Math74/src/main/java/org/apache/commons/math/ode/nonstiff/EmbeddedRungeKuttaIntegrator.java	0.5	247	247	1	replace	y0  =  getImmediateParentPointer();	      y0    =    getOrder();    	non-compiled	[CE]  while  expected	19	None	replace
77	[BUG]  [BUGGY]  Arrays.fill(scale,  vecAbsoluteTolerance,  scalAbsoluteTolerance);  [CE]  while  expected  [FE]        AssertionError    [CONTEXT]    for  (boolean  loop  =  true;  loop;)  {  if  (firstTime  ||  !fsal)  {  computeDerivatives(stepStart,  y,  yDotK[0]);  }  if  (firstTime)  {  final  double[]  scale;  if  (vecAbsoluteTolerance  ==  null)  {    [BUGGY]  Arrays.fill(scale,  vecAbsoluteTolerance,  scalAbsoluteTolerance);  [BUGGY]    scale  =  new  double[y0.length];  java.util.Arrays.fill(scale,  scalAbsoluteTolerance);  }  else  {  scale  =  vecAbsoluteTolerance;  }  hNew  =  initializeStep(equations,  forward,  getOrder(),  scale,  stepStart,  y,  yDotK[0],  yTmp,  yDotK[1]);  firstTime  =  false;  }  stepSize  =  hNew;  [CLASS]  EmbeddedRungeKuttaIntegrator  [METHOD]  integrate  [RETURN_TYPE]  double  FirstOrderDifferentialEquations  equations  final  double  t0  final  double[]  y0  final  double  t  final  double[]  y  [VARIABLES]  boolean  firstTime  forward  fsal  lastStep  loop  nextIsLast  CombinedEventsManager  manager  double[]  b  c  scale  vecAbsoluteTolerance  vecRelativeTolerance  y  y0  yTmp  double  dt  error  exp  factor  hNew  maxGrowth  maxStep  minReduction  minStep  nextStep  nextT  safety  scalAbsoluteTolerance  scalRelativeTolerance  scaledH  stopTime  sum  t  t0  double[][]  a  yDotK  AbstractStepInterpolator  interpolator  StepHandler  handler  RungeKuttaStepInterpolator  prototype  rki  int  j  k  l  stages  FirstOrderDifferentialEquations  equations  	projects/Math74/src/main/java/org/apache/commons/math/ode/nonstiff/EmbeddedRungeKuttaIntegrator.java	0.5	247	247	1	replace	Arrays.fill(scale,  vecAbsoluteTolerance,  scalAbsoluteTolerance);	      Arrays.fill(scale,    vecAbsoluteTolerance);    	non-compiled	[CE]  while  expected	12	None	replace
