projects/Lang15/src/main/java/org/apache/commons/lang3/reflect/TypeUtils.java370if(!isAssignable(bound,toBound,typeVarAssigns)){
projects/Lang15/src/main/java/org/apache/commons/lang3/reflect/TypeUtils.java370if(!isAssignable(bound,toLowerBounds,typeVarAssigns)){
projects/Lang15/src/main/java/org/apache/commons/lang3/reflect/TypeUtils.java370if(!isAssignable(toBound,toLowerBounds,typeVarAssigns)){
projects/Lang15/src/main/java/org/apache/commons/lang3/reflect/TypeUtils.java370if(!isAssignable(bound,toBound,toLowerBounds)){
projects/Lang15/src/main/java/org/apache/commons/lang3/reflect/TypeUtils.java370
projects/Lang15/src/main/java/org/apache/commons/lang3/reflect/TypeUtils.java370Type[]lowerBounds=toUpperBounds.getLowerBounds();
projects/Lang15/src/main/java/org/apache/commons/lang3/reflect/TypeUtils.java370Type[]lowerBounds=toUpperBounds.getBaseTypes();
projects/Lang15/src/main/java/org/apache/commons/lang3/reflect/TypeUtils.java370Type[]lowerBounds=toUpperBounds.toArray(newType[size()]);
projects/Lang15/src/main/java/org/apache/commons/lang3/reflect/TypeUtils.java370Type[]lowerBounds=toUpperBounds.keySet();
projects/Lang15/src/main/java/org/apache/commons/lang3/reflect/TypeUtils.java370Type[]lowerBounds=toUpperBounds.getRawTypes();
projects/Lang15/src/main/java/org/apache/commons/lang3/reflect/TypeUtils.java370Type[]lowerBounds=bound.getLowerBounds();
projects/Lang15/src/main/java/org/apache/commons/lang3/reflect/TypeUtils.java370Type[]lowerBounds=toUpperBounds.values();
projects/Lang15/src/main/java/org/apache/commons/lang3/reflect/TypeUtils.java370Type[]lowerBounds=toUpperBounds.getTypes();
projects/Lang15/src/main/java/org/apache/commons/lang3/reflect/TypeUtils.java370if(!isAssignable(bound,toBound,upperBounds)){
projects/Lang15/src/main/java/org/apache/commons/lang3/reflect/TypeUtils.java370if(!isAssignable(bound,toBound,lowerBounds)){
projects/Lang15/src/main/java/org/apache/commons/lang3/reflect/TypeUtils.java370Type[]lowerBounds=getLowerBounds();
projects/Lang15/src/main/java/org/apache/commons/lang3/reflect/TypeUtils.java370Type[]lowerBounds=toUpperBounds.getAllBounds();
